0
1.18493
0.995463
1.37815
3.37815
4.21299
4.92009
7.43068
9.16273
10.0866
12.7256
15.0911
16.0911
18.4567
21.0957
22.0196
23.7516
26.2622
26.9693
27.8041
29.8041
30.1868
29.9974
31.1823
31.1823
29.9974
30.1868
29.8041
27.8041
26.9693
26.2622
23.7516
22.0196
21.0957
18.4567
16.0911
15.0911
12.7256
10.0866
9.16273
7.43068
4.92009
4.21299
3.37815
1.37815
0.995463
1.18493
1.52e-08
1.52e-08
1.18493
0.995463
1.37815
3.37815
4.21299
4.92009
7.43068
9.16273
10.0866
12.7256
15.0911
16.0911
18.4567
21.0957
22.0196
23.7516
26.2622
26.9693
27.8041
29.8041
30.1868
29.9974
31.1823
31.1823
29.9974
30.1868
29.8041
27.8041
26.9693
26.2622
23.7516
22.0196
21.0957
18.4567
16.0911
15.0911
12.7256
10.0866
9.16273
7.43068
4.92009
4.21299
3.37815
1.37815
0.995463
1.18493
1.52e-08
1.52e-08
1.18493
0.995463
1.37815
3.37815
4.21299
4.92009
7.43068
9.16273
10.0866
12.7256
15.0911
16.0911
18.4567
21.0957
22.0196
23.7516
26.2622
26.9693
27.8041
29.8041
30.1868
29.9974
31.1823
31.1823
29.9974
30.1868
29.8041
27.8041
26.9693
26.2622
23.7516
22.0196
21.0957
18.4567
16.0911
15.0911
12.7256
10.0866
9.16273
7.43068
4.92009
4.21299
3.37815
1.37815
0.995463
1.18493
1.52e-08
1.52e-08
1.18493
0.995463
1.37815
3.37815
4.21299
4.92009
7.43068
9.16273
10.0866
12.7256
15.0911
16.0911
18.4567
21.0957
22.0196
23.7516
26.2622
26.9693
27.8041
29.8041
30.1868
29.9974
31.1823
31.1823
29.9974
30.1868
29.8041
27.8041
26.9693
26.2622
23.7516
22.0196
21.0957
18.4567
16.0911
15.0911
12.7256
10.0866
9.16273
7.43068
4.92009
4.21299
3.37815
1.37815
0.995463
1.18493
1.52e-08
1.52e-08
1.18493
0.995463
1.37815
3.37815
4.21299
4.92009
7.43068
9.16273
10.0866
12.7256
15.0911
16.0911
18.4567
21.0957
22.0196
23.7516
26.2622
26.9693
27.8041
29.8041
30.1868
29.9974
31.1823
31.1823
29.9974
30.1868
29.8041
27.8041
26.9693
26.2622
23.7516
22.0196
21.0957
18.4567
16.0911
15.0911
12.7256
10.0866
9.16273
7.43068
4.92009
4.21299
3.37815
1.37815
0.995463
1.18493
1.52e-08
1.52e-08
1.18493
0.995463
1.37815
3.37815
4.21299
4.92009
7.43068
9.16273
10.0866
12.7256
15.0911
16.0911
18.4567
21.0957
22.0196
23.7516
26.2622
26.9693
27.8041
29.8041
30.1868
29.9974
31.1823
31.1823
29.9974
30.1868
29.8041
27.8041
26.9693
26.2622
23.7516
22.0196
21.0957
18.4567
16.0911
15.0911
12.7256
10.0866
9.16273
7.43068
4.92009
4.21299
3.37815
1.37815
0.995463
1.18493
1.52e-08
1.52e-08
1.18493
0.995463
1.37815
3.37815
4.21299
4.92009
7.43068
9.16273
10.0866
12.7256
15.0911
16.0911
18.4567
21.0957
22.0196
23.7516
26.2622
26.9693
27.8041
29.8041
30.1868
29.9974
31.1823
31.1823
29.9974
30.1868
29.8041
27.8041
26.9693
26.2622
23.7516
23.7516
22.5667
22.7561
22.3735
20.3735
19.5386
18.8315
16.3209
14.5889
13.665
11.026
8.66047
7.66047
5.29489
2.65593
1.73205
1.52e-08
-2.51058
-3.21769
-4.05253
-6.05253
-6.43521
-6.24574
-7.43068
-7.43068
-6.24574
-6.43521
-6.05253
-4.05253
-3.21769
-2.51058
-1.33227e-15
1.73205
2.65593
5.29489
7.66047
8.66047
11.026
13.665
14.5889
16.3209
18.8315
19.5386
20.3735
22.3735
22.7561
22.5667
23.7516
23.7516
22.5667
22.7561
22.3735
20.3735
19.5386
18.8315
16.3209
14.5889
13.665
11.026
8.66047
7.66047
5.29489
2.65593
1.73205
0
-2.51058
-3.21769
-4.05253
-6.05253
-6.43521
-6.24574
-7.43068
-7.43068
-6.24574
-6.43521
-6.05253
-4.05253
-3.21769
-2.51058
-1.33227e-15
1.73205
2.65593
5.29489
7.66047
8.66047
11.026
13.665
14.5889
16.3209
18.8315
19.5386
20.3735
22.3735
22.7561
22.5667
23.7516
23.7516
22.5667
22.7561
22.3735
20.3735
19.5386
18.8315
16.3209
14.5889
13.665
11.026
8.66047
7.66047
5.29489
2.65593
1.73205
0
-2.51058
-3.21769
-4.05253
-6.05253
-6.43521
-6.24574
-7.43068
-7.43068
-6.24574
-6.43521
-6.05253
-4.05253
-3.21769
-2.51058
-1.33227e-15
1.73205
2.65593
5.29489
7.66047
8.66047
11.026
13.665
14.5889
16.3209
18.8315
19.5386
20.3735
22.3735
22.7561
22.5667
23.7516
23.7516
22.5667
22.7561
22.3735
20.3735
19.5386
18.8315
16.3209
14.5889
13.665
11.026
8.66047
7.66047
5.29489
2.65593
1.73205
0
-2.51058
-3.21769
-4.05253
-6.05253
-6.43521
-6.24574
-7.43068
-7.43068
-6.24574
-6.43521
-6.05253
-4.05253
-3.21769
-2.51058
-1.33227e-15
1.73205
2.65593
5.29489
7.66047
8.66047
11.026
13.665
14.5889
16.3209
18.8315
19.5386
20.3735
22.3735
22.7561
22.5667
23.7516
23.7516
22.5667
22.7561
22.3735
20.3735
19.5386
18.8315
16.3209
14.5889
13.665
11.026
8.66047
7.66047
5.29489
2.65593
1.73205
0
-2.51058
-3.21769
-4.05253
-6.05253
-6.43521
-6.24574
-7.43068
-7.43068
-6.24574
-6.43521
-6.05253
-4.05253
-3.21769
-2.51058
-1.33227e-15
1.73205
2.65593
5.29489
7.66047
8.66047
11.026
13.665
14.5889
16.3209
18.8315
19.5386
20.3735
22.3735
22.7561
22.5667
23.7516
23.7516
22.5667
22.7561
22.3735
20.3735
19.5386
18.8315
16.3209
14.5889
13.665
11.026
8.66047
7.66047
5.29489
2.65593
1.73205
0
-2.51058
-3.21769
-4.05253
-6.05253
-6.43521
-6.24574
-7.43068
-7.43068
-6.24574
-6.43521
-6.05253
-4.05253
-3.21769
-2.51058
-1.33227e-15
1.73205
2.65593
5.29489
7.66047
8.66047
11.026
13.665
14.5889
16.3209
18.8315
19.5386
20.3735
22.3735
22.7561
22.5667
23.7516
23.7516
22.5667
22.7561
22.3735
20.3735
19.5386
18.8315
16.3209
14.5889
13.665
11.026
8.66047
7.66047
5.29489
2.65593
1.73205
0
-2.51058
-3.21769
-4.05253
-6.05253
-6.43521
-6.24574
-7.43068
-7.43068
-6.24574
-6.43521
-6.05253
-4.05253
-3.21769
-2.51058
