1
0.710473
0.625825
0.918096
0.683678
0.44294
0.69919
0.554247
0.1967
0.378957
0.343693
-0.0744712
0.00771757
0.0853844
-0.329118
-0.357459
-0.180736
-0.52909
-0.661528
-0.414327
-0.645257
-0.859768
-0.580762
-0.661741
-0.924346
-0.656258
-0.578063
-0.848201
-0.631264
-0.408903
-0.645695
-0.511613
-0.181569
-0.350005
-0.317329
0.068392
-0.00771757
-0.0793053
0.302754
0.328507
0.165606
0.486456
0.608033
0.38029
0.592842
0.789873
0.533
0.607526
0.848692
0.602043
0.530301
0.778306
0.578849
0.374865
0.592199
0.468978
0.166438
0.321054
0.290966
-0.0623129
0.00771757
0.0732261
-0.276391
-0.299556
-0.150475
-0.443821
-0.554538
-0.346253
-0.540428
-0.719978
-0.485238
-0.553311
-0.773039
-0.547828
-0.48254
-0.708411
-0.526435
-0.340828
-0.538704
-0.426344
-0.151308
-0.292102
-0.264602
0.0562337
-0.00771757
-0.0671469
0.250027
0.270604
0.135344
0.401187
0.501042
0.312216
0.488013
0.650083
0.437477
0.499096
0.697385
0.493613
0.434778
0.638516
0.47402
0.306791
0.485209
0.383709
0.136177
0.263151
0.238239
-0.0501546
0.00771757
0.0610678
-0.223664
-0.241653
-0.120213
-0.358552
-0.447547
-0.278179
-0.435599
-0.580188
-0.389715
-0.444881
-0.621731
-0.439398
-0.387016
-0.568621
-0.421606
-0.272754
-0.431714
-0.341075
-0.121046
-0.234199
-0.211875
0.0440754
-0.00771757
-0.0549886
0.1973
0.212701
0.105083
0.315918
0.394052
0.244142
0.383184
0.510293
0.341953
0.390666
0.546077
0.385183
0.339255
0.498726
0.369191
0.238717
0.378218
0.298441
0.105915
0.205248
0.185512
-0.0379963
0.00771757
0.0489095
-0.170936
-0.18375
-0.0899519
-0.273284
-0.340556
-0.210104
-0.33077
-0.440398
-0.294191
-0.336451
-0.470423
-0.330968
-0.291493
-0.428831
-0.316777
-0.20468
-0.324723
-0.255806
-0.0907846
-0.176297
-0.159148
0.0319171
-0.00771757
-0.0428303
0.144573
0.154798
0.0748211
0.230649
0.287061
0.176067
0.278355
0.370503
0.24643
0.282236
0.39477
0.276753
0.243731
0.358936
0.264362
0.170642
0.271228
0.213172
0.0756538
0.147345
0.132784
-0.0258379
0.00771757
0.0367512
-0.118209
-0.125847
-0.0596904
-0.188015
-0.233566
-0.14203
-0.225941
-0.300608
-0.198668
-0.228021
-0.319116
-0.222538
-0.19597
-0.289041
-0.211948
-0.136605
-0.217732
-0.170538
-0.060523
-0.118394
-0.106421
0.0197588
-0.00771757
-0.030672
0.0918457
0.0968956
0.0445596
0.145381
0.18007
0.107993
0.173526
0.230713
0.150906
0.173806
0.243462
0.168323
0.148208
0.219146
0.159533
0.102568
0.164237
0.127903
0.0453923
0.0894422
0.0800573
-0.0136796
0.00771757
0.0245928
-0.0654821
-0.0679441
-0.0294288
-0.102746
-0.126575
-0.0739557
-0.121112
-0.160818
-0.103145
-0.119591
-0.167808
-0.114109
-0.100446
-0.149251
-0.107119
-0.068531
-0.110742
-0.0852688
-0.0302615
-0.0604907
-0.0536937
0.00760047
-0.00771757
-0.0185137
0.0391186
0.0389927
0.0142981
0.0601118
0.0730797
0.0399186
0.0686972
0.0909231
0.0553829
0.0653765
0.0921544
0.0598935
0.0526844
0.0793561
0.0547043
0.0344938
0.0572463
0.0426344
0.0151308
0.0315393
0.0273301
-0.00152131
0.00771757
0.0124345
-0.012755
-0.0100412
0.000832669
-0.0174774
-0.0195844
-0.00588142
-0.0162827
-0.0210281
-0.00762125
-0.0111615
-0.0165006
-0.00567858
-0.00492272
-0.00946109
-0.0022898
-0.000456692
-0.00375101
0
