0.0921544
-0.25802
-0.386745
-0.121225
-0.364612
-0.596382
-0.31338
-0.414246
-0.711146
-0.452707
-0.39756
-0.71263
-0.516427
-0.315779
-0.600435
-0.494288
-0.180736
-0.392261
-0.390211
-0.0131642
-0.121112
-0.22161
0.160491
0.169923
-0.0165006
0.312235
0.434507
0.19112
0.417026
0.630419
0.366875
0.456881
0.726276
0.481659
0.423923
0.70655
0.516427
0.321858
0.574072
0.465336
0.165606
0.349626
0.336715
-0.020873
0.0686972
0.151715
-0.208253
-0.224138
-0.0591532
-0.36645
-0.482269
-0.261015
-0.469441
-0.664456
-0.420371
-0.499515
-0.741407
-0.51061
-0.450287
-0.700471
-0.516427
-0.327937
-0.547708
-0.436385
-0.150475
-0.306992
-0.28322
0.0549102
-0.0162827
-0.0818196
0.256015
0.278353
0.134807
0.420665
0.53003
0.33091
0.521855
0.698493
0.473866
0.54215
0.756538
0.54215
0.479387
0.698384
0.525334
0.346165
0.536677
0.429988
0.164321
0.298384
0.272437
-0.0375249
0.0213511
0.0779791
-0.228471
-0.251694
-0.123163
-0.380065
-0.479734
-0.300541
-0.470542
-0.629621
-0.428085
-0.487935
-0.680884
-0.487935
-0.431626
-0.628489
-0.472919
-0.312128
-0.483182
-0.387354
-0.14919
-0.269432
-0.246073
0.0314457
-0.0213511
-0.0719
0.202108
0.222743
0.108033
0.337431
0.426239
0.266504
0.418127
0.559726
0.380323
0.43372
0.60523
0.43372
0.383864
0.558594
0.420505
0.278091
0.429686
0.344719
0.134059
0.240481
0.21971
-0.0253665
0.0213511
0.0658208
-0.175744
-0.193791
-0.0929019
-0.294797
-0.372744
-0.232467
-0.365713
-0.489831
-0.332562
-0.379505
-0.529577
-0.379505
-0.336102
-0.488699
-0.36809
-0.244054
-0.376191
-0.302085
-0.118929
-0.211529
-0.193346
0.0192874
-0.0213511
-0.0597417
0.14938
0.16484
0.0777711
0.252162
0.319248
0.198429
0.313298
0.419936
0.2848
0.32529
0.453923
0.32529
0.288341
0.418804
0.315676
0.210016
0.322696
0.25945
0.103798
0.182578
0.166983
-0.0132082
0.0213511
0.0536625
-0.123017
-0.135888
-0.0626404
-0.209528
-0.265753
-0.164392
-0.260884
-0.350041
-0.237038
-0.271075
-0.378269
-0.271075
-0.240579
-0.348909
-0.263261
-0.175979
-0.2692
-0.216816
-0.0886672
-0.153626
-0.140619
0.00712907
-0.0213511
-0.0475834
0.0966532
0.106937
0.0475096
0.166893
0.212258
0.130355
0.208469
0.280146
0.189276
0.21686
0.302615
0.21686
0.192817
0.279014
0.210847
0.141942
0.215705
0.174182
0.0735364
0.124675
0.114255
-0.00104991
0.0213511
0.0415042
-0.0702896
-0.0779853
-0.0323789
-0.124259
-0.158762
-0.096318
-0.156055
-0.210251
-0.141515
-0.162645
-0.226961
-0.162645
-0.145055
-0.209119
-0.158432
-0.107905
-0.16221
-0.131547
-0.0584057
-0.0957234
-0.0878918
-0.00502925
-0.0213511
-0.035425
0.0439261
0.0490339
0.0172481
0.0816246
0.105267
0.0622809
0.10364
0.140356
0.093753
0.10843
0.151308
0.10843
0.0972938
0.139224
0.106018
0.0738678
0.108714
0.0889129
0.0432749
0.066772
0.0615283
0.0111084
0.0213511
0.0293459
-0.0175625
-0.0200824
-0.00211735
-0.0389902
-0.0517716
-0.0282437
-0.0512257
-0.0704612
-0.0459913
-0.054215
-0.0756538
-0.054215
-0.0495321
-0.0693288
-0.0536033
-0.0398306
-0.055219
-0.0462785
-0.0281442
-0.0378205
-0.0351647
-0.0171876
-0.0213511
-0.0232667
-0.0088011
-0.00886905
-0.0130134
-0.00364415
-0.00172368
-0.00579346
-0.00118878
0.000566162
-0.00177038
0
