0
0.5924659371
-0.09473434836
0.1913417131
1
0.4174197018
0.3535533845
1.255293131
0.8660253882
0.4619397521
1.319479227
1.182786584
0.5
1.182786584
1.319479227
0.4619397521
0.8660253882
1.255293131
0.3535533845
0.4174197018
1
0.1913417131
-0.09473434836
0.5924659371
-0
-0.5924659371
0.09473434836
-0.1913417131
-1
-0.4174197018
-0.3535533845
-1.255293131
-0.8660253882
-0.4619397521
-1.319479227
-1.182786584
-0.5
-1.182786584
-1.319479227
-0.4619397521
-0.8660253882
-1.255293131
-0.3535533845
-0.4174197018
-1
-0.1913417131
0.09473434836
-0.5924659371
0
0.5924659371
-0.09473434836
0.1913417131
1
0.4174197018
0.3535533845
1.255293131
0.8660253882
0.4619397521
1.319479227
1.182786584
0.5
1.182786584
1.319479227
0.4619397521
0.8660253882
1.255293131
0.3535533845
0.4174197018
1
0.1913417131
-0.09473434836
0.5924659371
0
-0.5924659371
0.09473434836
-0.1913417131
-1
-0.4174197018
-0.3535533845
-1.255293131
-0.8660253882
-0.4619397521
-1.319479227
-1.182786584
-0.5
-1.182786584
-1.319479227
-0.4619397521
-0.8660253882
-1.255293131
-0.3535533845
-0.4174197018
-1
-0.1913417131
0.09473434836
-0.5924659371
0
0.5924659371
-0.09473434836
0.1913417131
1
0.4174197018
0.3535533845
1.255293131
0.8660253882
0.4619397521
1.319479227
1.182786584
0.5
1.182786584
1.319479227
0.4619397521
0.8660253882
1.255293131
0.3535533845
0.4174197018
1
0.1913417131
-0.09473434836
0.5924659371
0
-0.5924659371
0.09473434836
-0.1913417131
-1
-0.4174197018
-0.3535533845
-1.255293131
-0.8660253882
-0.4619397521
-1.319479227
-1.182786584
-0.5
-1.182786584
-1.319479227
-0.4619397521
-0.8660253882
-1.255293131
-0.3535533845
-0.4174197018
-1
-0.1913417131
0.09473434836
-0.5924659371
-0
0.5924659371
-0.09473434836
0.1913417131
1
0.4174197018
0.3535533845
1.255293131
0.8660253882
0.4619397521
1.319479227
1.182786584
0.5
1.182786584
1.319479227
0.4619397521
0.8660253882
1.255293131
0.3535533845
0.4174197018
1
0.1913417131
-0.09473434836
0.5924659371
-0
-0.5924659371
0.09473434836
-0.1913417131
-1
-0.4174197018
-0.3535533845
-1.255293131
-0.8660253882
-0.4619397521
-1.319479227
-1.182786584
-0.5
-1.182786584
-1.319479227
-0.4619397521
-0.8660253882
-1.255293131
-0.3535533845
-0.4174197018
-1
-0.1913417131
0.09473434836
-0.5924659371
0
0.5924659371
-0.09473434836
0.1913417131
1
0.4174197018
0.3535533845
1.255293131
0.8660253882
0.4619397521
1.319479227
1.182786584
0.5
1.182786584
1.319479227
0.4619397521
0.8660253882
1.255293131
0.3535533845
0.4174197018
1
0.1913417131
-0.09473434836
0.5924659371
0
-0.5924659371
0.09473434836
-0.1913417131
-1
-0.4174197018
-0.3535533845
-1.255293131
-0.8660253882
-0.4619397521
-1.319479227
-1.182786584
-0.5
-1.182786584
-1.319479227
-0.4619397521
-0.8660253882
-1.255293131
-0.3535533845
-0.4174197018
-1
-0.1913417131
0.09473434836
-0.5924659371
-0
0.5924659371
-0.09473434836
0.1913417131
1
0.4174197018
0.3535533845
1.255293131
0.8660253882
0.4619397521
1.319479227
1.182786584
0.5
1.182786584
1.319479227
0.4619397521
0.8660253882
1.255293131
0.3535533845
0.4174197018
1
0.1913417131
-0.09473434836
0.5924659371
0
-0.5924659371
0.09473434836
-0.1913417131
-1
-0.4174197018
-0.3535533845
-1.255293131
-0.8660253882
-0.4619397521
-1.319479227
-1.182786584
-0.5
-1.182786584
-1.319479227
-0.4619397521
-0.8660253882
-1.255293131
-0.3535533845
-0.4174197018
-1
-0.1913417131
0.09473434836
-0.5924659371
-0
0.5924659371
-0.09473434836
0.1913417131
1
0.4174197018
0.3535533845
1.255293131
0.8660253882
0.4619397521
1.319479227
1.182786584
0.5
1.182786584
1.319479227
0.4619397521
0.8660253882
1.255293131
0.3535533845
0.4174197018
1
0.1913417131
-0.09473434836
0.5924659371
0
-0.5924659371
0.09473434836
-0.1913417131
-1
-0.4174197018
-0.3535533845
-1.255293131
