11.87580142
4.511121409
9.361429477
10.13831553
4.340675028
16.40622242
5.882565667
14.04353686
26.60899395
3.408433173
114.4731033
-86.56465132
-14.48186639
-32.70323367
1.590159422
-11.79696492
-8.750710813
1.600397177
-10.00207238
-0.5944844583
-1.615391493
-6.443215664
1.986829644
-4.122591428
-2.404141076
1.307310209
-4.624031299
0.60295032
-0.7381040291
-3.246945832
1.725130043
-2.482187929
-1.015876074
1.081234868
-2.938852188
0.8346025164
-0.4471152068
-2.040871846
1.498714697
-1.76064106
-0.460809739
0.9210210898
-2.11209914
0.8769520276
-0.304640121
-1.416136088
1.323270032
-1.348333092
-0.1789235447
0.805700667
-1.617042822
0.8658259842
-0.2168362212
-1.035824409
1.187593945
-1.075509972
-0.0151522459
0.7220653748
-1.283463303
0.8384350957
-0.1521694993
-0.7797539618
1.081856558
-0.8758021614
0.08872305296
0.6623496712
-1.039526352
0.807300867
-0.09685039857
-0.5946892393
0.9993262253
-0.7174263363
0.1588374826
0.622167289
-0.8493901508
0.7771413552
-0.04332220852
-0.4534716725
0.9357172933
-0.5826230433
0.2084191479
0.5994228902
-0.6927697084
0.7498923898
0.01373221346
-0.3407194095
0.8885975868
-0.4598581593
0.2447711806
0.5938699861
-0.556769684
0.7264982158
0.07924680073
-0.2469007
0.8571072215
-0.3401699493
0.2722031368
0.6071588206
-0.431992935
0.7076674583
0.1590977212
-0.1655190837
0.8420266559
-0.2148843414
0.2933945705
0.6434432342
-0.3102192956
0.6943253541
0.2617090032
-0.09153833282
0.8463332452
-0.07336809951
0.3100841468
0.7109468884
-0.1823457506
0.6880897307
0.4009063148
-0.02020707638
0.8767047149
0.1005295443
0.3234407937
0.8257041375
-0.03533909898
0.6921442236
0.6022819134
0.05439912786
0.9473830487
0.3363691287
0.3342732862
1.021274818
0.1546037262
0.7134367698
0.920272385
0.1424922616
1.091388023
0.6995520146
0.3431565046
1.378897207
0.4429937974
0.7698481577
1.496079581
0.2688358059
1.401798355
1.376569818
0.3505082008
2.154283387
1.009029115
0.9237704789
2.847131225
0.5270116595
2.271448391
3.21432775
0.3566357582
4.77410377
2.982269578
1.638096889
9.629857013
2.000373109
10.38608239
34.14383748
0.3617714549
-34.99989481
-10.56914656
-1.563491859
-10.75069732
-1.157476148
-3.227915355
-5.58682271
0.366091831
-4.115490987
-2.393424312
-0.1357111646
-3.969693677
-0.4007461768
-1.319495964
-2.92493707
0.3697329906
-2.325163457
-1.463492385
0.07444982191
-2.622142364
-0.2053123625
-0.821366904
-2.108302283
0.3728009402
-1.698550861
-1.09294519
0.1496278061
-2.051731017
-0.1078843065
-0.6049574021
-1.709807405
0.3753785
-1.389529821
-0.8882810938
0.1825184189
-1.741219223
-0.04569739718
-0.4922792677
-1.473294435
0.3775310412
-1.21257846
-0.7557159737
0.1967545817
-1.549681073
-0.0005221133692
-0.429335404
-1.31705026
0.3793105404
-1.103529395
-0.6614476428
0.2010688725
-1.423071522
0.03492173002
-0.3942833943
-1.206983709
0.3807567436
-1.03443649
-0.5903312818
0.1993968086
-1.33634897
0.06412892932
-0.3767068399
-1.126435344
0.3819014827
-0.9913220337
-0.534600993
0.1937301571
-1.276468262
0.08898595181
-0.3711103198
-1.066411106
0.3827687506
-0.9665718001
-0.4899215153
0.185146431
-1.236133085
0.1105918114
-0.3744290652
-1.021766051
0.3833762255
-0.9558577992
-0.4537585687
0.1742366259
-1.21114519
0.1296121458
-0.3849444631
-0.9895187201
0.3837359365
-0.9567494335
-0.424634699
0.1613014822
-1.199174351
0.1464449305
-0.401773796
-0.9680533993
0.3838551119
-0.9680533993
-0.401773796
0.1464449305
-1.199174351
0.1613014822
-0.424634699
-0.9567494335
0.3837359365
-0.9895187201
-0.3849444631
0.1296121458
-1.21114519
0.1742366259
-0.4537585687
-0.9558577992
0.3833762255
-1.021766051
-0.3744290652
0.1105918114
-1.236133085
0.185146431
-0.4899215153
-0.9665718001
0.3827687506
-1.066411106
-0.3711103198
0.08898595181
-1.276468262
0.1937301571
-0.534600993
-0.9913220337
0.3819014827
-1.126435344
-0.3767068399
0.06412892932
-1.33634897
0.1993968086
-0.5903312818
-1.03443649
0.3807567436
-1.206983709
-0.3942833943
0.03492173002
-1.423071522
0.2010688725
-0.6614476428
-1.103529395
0.3793105404
-1.31705026
-0.429335404
-0.0005221133691
-1.549681073
0.1967545817
-0.7557159737
-1.21257846
0.3775310412
-1.473294435
-0.4922792677
-0.04569739718
-1.741219223
0.1825184189
-0.8882810938
-1.389529821
