11.87580142
5.141148257
10.26837292
11.11158655
5.215023969
16.427307
8.29471784
17.43041985
28.92804693
5.368719519
118.8087839
146.6393889
31.53213549
33.3154033
5.272467731
15.02236944
11.80591736
3.63090975
10.16449229
4.920384098
5.1721306
6.886720313
2.188609564
5.286357115
4.364711049
2.392298236
4.653049234
2.565040743
3.015092649
3.677993791
1.751158188
3.182269005
2.654611391
1.873115938
2.94362612
1.849415525
2.163626349
2.462330074
1.500861077
2.251328607
1.919838366
1.557572131
2.112196132
1.498686701
1.692459599
1.827861825
1.323457134
1.720017746
1.514395588
1.340028197
1.617907621
1.284778245
1.387369656
1.438001306
1.189966606
1.371904529
1.25767867
1.179875109
1.286690802
1.138622313
1.170812363
1.172653318
1.086675898
1.122267183
1.080487475
1.057319183
1.04527918
1.032276852
1.007651727
0.9783916026
1.005759215
0.930952189
0.9508259801
0.9616359955
0.8571160968
0.9522267399
0.8799121462
0.8276880281
0.9425794744
0.7764758626
0.851898702
0.8869775517
0.701422359
0.8912278839
0.7781949302
0.7046441685
0.8946360698
0.6466909292
0.7740430548
0.8307814695
0.5648632602
0.8453084929
0.6986849207
0.5990459178
0.8612340413
0.5356338886
0.7113013812
0.7934600001
0.4376766325
0.8126037101
0.642864719
0.5034958653
0.8437048048
0.4445680828
0.659795754
0.7791047714
0.3118981985
0.7930839242
0.6192198687
0.4118128951
0.8463618176
0.3890369026
0.6168926198
0.7974878818
0.1839104001
0.7890587639
0.6464067932
0.3182432266
0.8788814095
0.4092193192
0.5807382752
0.868395484
0.1143723824
0.8070376836
0.7572094152
0.2200344265
0.9621489115
0.556685454
0.5499895435
1.031844456
0.2888708755
0.8632532761
1.009786071
0.1571823029
1.144563309
0.8889634771
0.5236503885
1.379419282
0.6559021846
1.002428292
1.542684619
0.323950659
1.560640171
1.58606264
0.5009664579
2.189901656
1.42476709
1.386172783
2.867392332
0.918714721
2.769524375
3.551959401
0.4813563648
5.007316181
4.187290455
3.224878044
9.634746996
4.709232272
14.22942413
37.01291894
