31.5465
1.03396e-014
9.6685e-015
1.70125e-015
3.51738e-015
10.8432
2.70697e-015
1.98234e-015
5.40781e-015
9.58661e-015
20.072
9.96634e-015
5.22952e-015
1.05949e-014
3.08172e-015
15.4629
1.1315e-014
4.64311e-014
8.42313e-015
4.11414e-014
24.4484
2.93461e-014
1.55297e-014
3.64268e-014
6.14754e-014
32.846
4.64621e-014
3.61138e-014
2.52385e-014
2.78918e-014
26.4195
6.51282e-014
2.01914e-014
3.91591e-014
1.62156e-014
23.4107
2.9907e-014
2.346e-014
2.06288e-014
6.37695e-014
32.1262
5.77386e-014
5.84076e-014
6.88707e-014
8.61141e-014
33.7737
5.94853e-014
4.43162e-014
7.19969e-014
6.81018e-014
27.0235
1.00867e-013
1.08093e-013
5.83159e-014
9.31225e-014
23.6376
5.66441e-014
4.48548e-014
4.33137e-014
1.16425e-013
21.3031
3.2133e-014
1.25141e-014
2.62938e-014
5.56763e-014
16.4619
6.51168e-014
1.07545e-013
1.19793e-013
9.69243e-014
11.177
1.35921e-014
4.40353e-014
4.52506e-014
3.62342e-015
6.6537
6.61941e-014
7.50999e-014
1.05942e-013
2.39052e-014
3.09416
2.90556e-014
1.90267e-014
1.16407e-013
6.46376e-016
1.47849
4.70754e-014
6.50574e-014
1.37706e-014
4.48372e-014
3.3129
3.03752e-014
6.67227e-014
2.26086e-014
6.69659e-014
5.0143
6.56321e-014
9.96214e-014
1.09216e-013
4.51706e-014
4.81023
5.66321e-014
3.95803e-015
1.23052e-013
6.35484e-014
3.61573
8.82305e-014
9.0269e-015
1.40188e-013
9.87648e-014
3.62697
1.41831e-013
1.14412e-013
1.1998e-014
9.05999e-014
3.06678
8.17018e-014
9.12378e-014
4.66448e-014
1.30391e-013
2.70676
1.513e-013
2.08709e-013
6.75665e-014
3.88685e-014
3.87588
4.9265e-014
5.17346e-014
5.81021e-014
1.6945e-013
4.39416
1.45777e-013
1.31163e-013
1.04087e-013
1.83532e-013
4.57521
8.69696e-014
8.97663e-014
2.08147e-013
2.26441e-014
4.68362
7.86875e-014
1.28239e-013
9.13621e-014
1.02049e-014
4.16286
4.8123e-014
1.73771e-013
2.14842e-013
8.03603e-014
3.51255
1.75115e-013
1.42618e-014
4.35253e-014
1.21966e-013
2.61502
3.93453e-014
1.98723e-013
7.76883e-014
1.23675e-013
1.44194
1.59783e-014
1.7518e-014
3.08026e-014
8.19097e-014
1.03977
3.34713e-014
1.43226e-013
1.3402e-014
4.47427e-014
0.688942
2.16187e-013
1.76806e-013
8.29863e-014
1.1766e-013
0.909954
1.48706e-013
8.37194e-014
3.01292e-014
4.10459e-014
1.07814
1.39804e-013
1.85614e-013
8.60155e-014
1.98749e-013
0.754135
3.52825e-014
1.40541e-013
3.46004e-013
3.216e-013
0.977711
7.515e-014
1.78343e-013
1.55448e-013
1.57297e-013
1.20829
2.00037e-013
2.31873e-013
1.87964e-013
4.8185e-013
0.991279
2.07464e-013
8.47468e-014
3.27248e-014
5.3576e-014
0.769988
6.93443e-014
3.23232e-013
1.58422e-013
3.58272e-013
0.786952
8.46104e-014
3.01099e-013
3.26556e-013
3.23935e-013
0.785579
2.07804e-013
4.04797e-014
1.82065e-013
3.555e-014
0.720379
4.55139e-014
1.90972e-013
1.03101e-013
2.67289e-013
0.817631
2.09512e-013
2.17574e-013
1.11746e-013
9.7651e-014
1.04242
1.84617e-013
1.62545e-013
1.7893e-013
2.07078e-013
1.16161
4.27324e-014
3.31244e-014
3.14728e-014
1.51587e-013
1.22948
2.45513e-013
2.53842e-013
2.31757e-013
1.26617e-013
1.29863
2.20063e-013
1.35394e-013
6.14147e-013
2.61293e-013
1.58197
1.73918e-013
3.81224e-013
6.85534e-014
2.86989e-013
1.6261
3.24409e-013
1.82684e-013
2.72242e-013
3.20577e-013
1.34429
9.50133e-014
2.00866e-013
1.10942e-013
9.13789e-014
1.07171
1.68379e-013
2.82694e-013
1.41923e-013
7.01909e-014
0.74049
6.17202e-013
7.44459e-014
3.13779e-013
3.55897e-014
0.390843
3.68805e-014
4.46861e-013
2.45731e-013
6.34703e-014
0.242314
2.77142e-013
2.36312e-013
1.71265e-013
2.46306e-013
0.765461
4.28493e-013
1.61631e-013
1.10914e-013
8.37353e-014
1.1031
2.06956e-013
1.91178e-013
2.39731e-013
1.55312e-013
1.3713
2.0289e-013
1.11437e-013
4.2024e-013
5.55379e-014
1.65441
3.40178e-013
6.07872e-014
1.21784e-013
5.28487e-014
1.59249
5.38158e-014
2.68509e-013
1.73321e-013
2.39476e-013
1.21596
3.32981e-014
2.40252e-013
4.96883e-014
3.2535e-013
1.15346
8.70034e-014
2.02601e-013
4.40192e-013
1.05219e-013
0
0
0
0
0
0
0
0
0
0
0
0
0
0
0
0
0
0
0
0
0
0
0
0
0
0
0
0
0
0
0
0
0
0
0
0
0
0
0
0
0
0
0
0
0
0
0
0
0
0
0
0
0
0
0
0
0
0
0
0
0
0
0
0
0
0
0
0
0
0
0
0
0
0
0
0
0
0
0
0
0
0
0
0
0
0
0
0
0
0
0
0
0
0
0
0
0
0
0
0
0
0
0
0
0
0
0
0
0
0
0
0
0
0
0
0
0
0
0
0
0
0
0
0
0
0
0
0
0
0
0
0
0
0
0
0
0
0
0
0
0
0
0
0
0
0
0
0
0
0
0
0
0
0
0
0
0
0
0
0
0
0
0
0
0
0
0
0
0
0
0
0
0
0
0
0
0
0
0
0
0
0
0
0
0
0
0
0
0
0
0
0
0
0
0
0
0
0
0
0
0
0
0
0
0
0
0
0
0
0
0
0
0
0
0
0
0
0
0
0
0
0
0
0
0
0
0
0
0
0
0
0
0
0
0
0
0
0
0
0
0
0
0
0
0
0
0
0
0
0
0
0
0
0
0
0
0
0
0
0
0
0
0
0
0
0
0
0
0
0
0
0
0
0
0
0
0
0
0
0
0
0
0
0
0
0
0
0
0
0
0
0
0
0
0
0
0
0
0
0
0
0
0
0
0
0
0
0
0
0
0
0
0
0
0
0
0
0
0
0
