0
1.016653048
2.183917906
3.737391074
6.208123634
11.34871535
31.34720652
-67.76318207
-18.03214045
-10.84622985
-7.924944479
-6.321868753
-5.299351006
-4.584966826
-4.054456131
-3.642912052
-3.313042001
-3.041844641
-2.814331647
-2.620297993
-2.452541017
-2.305826112
-2.176246237
-2.060826586
-1.957257143
-1.863715036
-1.778740999
-1.701151865
-1.62997737
-1.564413675
-1.503788669
-1.447535667
-1.395173229
-1.346289428
-1.30053
-1.257587391
-1.217194443
-1.179117138
-1.143149743
-1.109110591
-1.076838615
-1.046190468
-1.017038118
-0.9892668313
-0.9627734679
-0.9374650386
-0.9132575186
-0.890074002
-0.867846559
-0.846511106
-0.8260102041
-0.8062911306
-0.7873055319
-0.7690089807
-0.7513605824
-0.7343226265
-0.7178602794
-0.7019413118
-0.6865358571
-0.6716161961
-0.6571568361
-0.6431329841
-0.6295231039
-0.6163060673
-0.6034623855
-0.590973826
-0.5788233118
-0.5669948299
-0.5554733485
-0.5442447418
-0.5332957212
-0.5226137714
-0.5121870856
-0.5020043484
-0.4920560051
-0.4823307965
-0.4728199963
-0.4635146526
-0.4544063321
-0.4454870436
-0.436749205
-0.4281856159
-0.4197894336
-0.4115541512
-0.4034735787
-0.3955418344
-0.3877534283
-0.3801015146
-0.3725839364
-0.3651936877
-0.3579265191
-0.3507779953
-0.3437438493
-0.3368199909
-0.3300025008
-0.323287621
-0.3166717475
-0.3101514211
-0.3037233205
-0.2973842546
-80.29113215
-0.2849610738
-0.2788711691
-0.2728587078
-0.2669210561
-0.2610556751
-0.2552601161
-0.2495320164
-0.2438690948
-0.2382691473
-0.2327300437
-0.2272497231
-0.2218261871
-0.2164574324
-0.2111419623
-0.2058774458
-0.2006623875
-0.1954950606
-0.1903738087
-0.1852970251
-0.1802631495
-0.175270665
-0.1703180965
-0.165404009
-0.1605270074
-0.1556857414
-0.1508789747
-0.1461043897
-0.1413627614
-0.1366513953
-0.1319693744
-0.127315539
-0.1226887381
-0.118087841
-0.1135117391
-0.1089593449
-0.1044295911
-0.09992143005
-0.09543383256
-0.09096578677
-0.08651632823
-0.08208438459
-0.07766908333
-0.07326944226
-0.06888452298
-0.06451339915
-0.06015515575
-0.0558088882
-0.0514737017
-0.04714871047
-0.04283303717
-0.03852581273
-0.0342261787
-0.02993334434
-0.02564612314
-0.02136413549
-0.0170863038
-0.01281180902
-0.008539816525
-0.004269491517
-6.648970645e-13
0.004269491517
0.008539816524
0.01281180902
0.0170863038
0.02136413549
0.02564612314
0.02993334434
0.0342261787
0.03852581273
0.04283303717
0.04714871047
0.0514737017
0.0558088882
0.06015515575
0.06451339915
0.06888452298
0.07326944226
0.07766908333
0.08208438459
0.08651632823
0.09096578677
0.09543383256
0.09992143005
0.1044295911
0.1089593449
0.1135117391
0.118087841
0.1226887381
0.127315539
0.1319693744
0.1366513953
0.1413627614
0.1461043897
0.1508789747
0.1556857414
0.1605270074
0.165404009
0.1703180965
0.175270665
0.1802631495
0.1852970251
0.1903738087
0.1954950606
0.2006623875
0.2058774458
0.2111419623
0.2164574324
0.2218261871
0.2272497231
0.2327300437
0.2382691473
0.2438690948
0.2495320164
0.2552601161
0.2610556751
0.2669210561
0.2728587078
0.2788711691
0.2849610738
80.29113215
0.2973842546
0.3037233205
0.3101514211
0.3166717475
0.323287621
0.3300025008
0.3368199909
0.3437438493
0.3507779953
0.3579265191
0.3651936877
0.3725839364
0.3801015146
0.3877534283
0.3955418344
0.4034735787
0.4115541512
0.4197894336
0.4281856159
0.436749205
0.4454870436
0.4544063321
0.4635146526
0.4728199963
0.4823307965
0.4920560051
0.5020043484
0.5121870856
0.5226137714
0.5332957212
0.5442447418
0.5554733485
0.5669948299
0.5788233118
0.590973826
0.6034623855
0.6163060673
0.6295231039
0.6431329841
0.6571568361
0.6716161961
0.6865358571
0.7019413118
0.7178602794
0.7343226265
0.7513605824
0.7690089807
0.7873055319
0.8062911306
0.8260102041
0.846511106
0.867846559
0.890074002
0.9132575186
0.9374650386
0.9627734679
0.9892668313
1.017038118
1.046190468
1.076838615
1.109110591
1.143149743
1.179117138
1.217194443
1.257587391
1.30053
1.346289428
1.395173229
1.447535667
1.503788669
1.564413675
1.62997737
1.701151865
1.778740999
1.863715036
1.957257143
2.060826586
2.176246237
2.305826112
2.452541017
2.620297993
2.814331647
3.041844641
3.313042001
3.642912052
4.054456131
4.584966826
5.299351006
6.321868753
7.924944479
10.84622985
18.03214045
67.76318207
-31.34720652
-11.34871535
-6.208123634
-3.737391074
-2.183917906
-1.016653048
