11.87580142
12.13956684
13.00912327
14.7854902
18.32157155
26.60899395
60.72798094
-111.3800128
-25.62691082
-13.51548451
-8.750710813
-6.236023172
-4.699094645
-3.672312852
-2.943872834
-2.404141076
-1.990821336
-1.665982437
-1.405262703
-1.192336221
-1.015876074
-0.8677934896
-0.7421693416
-0.6345805571
-0.5416614219
-0.460809739
-0.389985132
-0.3275675837
-0.2722563061
-0.2229961992
-0.1789235447
-0.1393253452
-0.1036084966
-0.07127623911
-0.04190902303
-0.0151522459
0.009297687694
0.03170073091
0.05228091104
0.07123215557
0.08872305296
0.1049007527
0.1198941782
0.1338166877
0.1467682883
0.1588374826
0.1701027468
0.1806352159
0.1904950091
0.1997397084
0.2084191479
0.2165784266
0.2242582183
0.2314952739
0.2383228665
0.2447711806
0.2508676506
0.2566372574
0.2621027877
0.2672850623
0.2722031368
0.2768744785
0.2813151232
0.285539814
0.289562125
0.2933945705
0.2970487031
0.3005352014
0.3038639479
0.3070440989
0.3100841468
0.3129919744
0.3157748908
0.3184393927
0.3209934852
0.3234407937
0.3257880059
0.3280401884
0.3302021621
0.3322784488
0.3342732862
0.3361906477
0.3380342609
0.3398076238
0.3415140179
0.3431565046
0.3447377633
0.346263103
0.3477299765
0.3491444868
0.3505082009
0.3518232336
0.3530916224
0.3543153012
0.3554961017
0.3566357582
0.3577359133
0.3587981232
0.3598238629
0.3608145312
0.3617714549
0.3626958934
0.3635890424
0.3644520378
0.3652859587
0.366091831
0.3668706301
0.3676232841
0.3683506755
0.3690536446
0.3697329906
0.3703894731
0.371023808
0.3716365583
0.3722290267
0.3728009402
0.3733533482
0.3738867806
0.3744017758
0.374898851
0.3753785
0.375841194
0.3762873818
0.3767174898
0.3771319205
0.3775310412
0.3779150631
0.3782861083
0.3786409793
0.3789825229
0.3793105404
0.3796252844
0.3799270224
0.3802160144
0.3804925092
0.3807567436
0.3810089425
0.3812493194
0.3814780761
0.3816954038
0.3819014827
0.382096483
0.3822805644
0.3824538773
0.3826165622
0.3827687506
0.3829105648
0.3830421184
0.3831635166
0.383274856
0.3833762255
0.3834677074
0.3835493825
0.3836214305
0.3836833288
0.3837359365
0.3837788893
0.3838122573
0.3838360719
0.3838503528
0.3838551119
0.3838503528
0.3838360719
0.3838122573
0.3837788893
0.3837359365
0.3836833288
0.3836214305
0.3835493825
0.3834677074
0.3833762255
0.383274856
0.3831635166
0.3830421184
0.3829105648
0.3827687506
0.3826165622
0.3824538773
0.3822805644
0.382096483
0.3819014827
0.3816954038
0.3814780761
0.3812493194
0.3810089425
0.3807567436
0.3804925092
0.3802160144
0.3799270224
0.3796252844
0.3793105404
0.3789825229
0.3786409793
0.3782861083
0.3779150631
0.3775310412
0.3771319205
0.3767174898
0.3762873818
0.375841194
0.3753785
0.3748988509
0.3744017758
0.3738867806
0.3733533482
0.3728009402
0.3722290267
0.3716365583
0.371023808
0.3703894731
0.3697329906
0.3690536446
0.3683506755
0.3676232841
0.3668706301
0.366091831
0.3652859587
0.3644520378
0.3635890424
0.3626958934
0.3617714549
0.3608145312
0.3598238629
0.3587981232
0.3577359133
0.3566357582
0.3554961017
0.3543153012
0.3530916224
0.3518232336
0.3505082008
0.3491444868
0.3477299765
0.346263103
0.3447377633
0.3431565046
0.3415140179
0.3398076238
0.3380342609
0.3361906477
0.3342732862
0.3322784488
0.3302021621
0.3280401884
0.3257880059
0.3234407937
0.3209934852
0.3184393927
0.3157748908
0.3129919744
0.3100841468
0.3070440989
0.3038639479
0.3005352014
0.2970487031
0.2933945705
0.289562125
0.285539814
0.2813151232
0.2768744785
0.2722031368
0.2672850623
0.2621027877
0.2566372574
0.2508676506
0.2447711806
0.2383228665
0.2314952739
0.2242582183
0.2165784266
0.2084191479
0.1997397084
0.1904950091
0.1806352159
0.1701027468
0.1588374826
0.1467682883
0.1338166877
0.1198941782
0.1049007527
0.08872305296
0.07123215557
0.05228091104
0.03170073091
0.009297687694
-0.0151522459
-0.04190902303
-0.07127623911
-0.1036084966
-0.1393253452
-0.1789235447
-0.2229961992
-0.2722563061
-0.3275675837
-0.389985132
-0.460809739
-0.5416614219
-0.6345805571
-0.7421693416
-0.8677934896
-1.015876074
-1.192336221
-1.405262703
-1.665982437
-1.990821336
-2.404141076
-2.943872834
-3.672312852
-4.699094645
-6.236023172
-8.750710813
-13.51548451
-25.62691082
-111.3800128
60.72798094
26.60899395
18.32157155
14.7854902
13.00912327
12.13956684
