7.599476604e-15
0.5924659371
-0.09473434836
0.1913417131
1
0.4174197018
0.3535533845
1.255293131
0.8660253882
0.4619397521
1.319479227
1.182786584
0.5
1.182786584
1.319479227
0.4619397521
0.8660253882
1.255293131
0.3535533845
0.4174197018
1
0.1913417131
-0.09473434836
0.5924659371
-6.872280522e-15
-0.5924659371
0.09473434836
-0.1913417131
-1
-0.4174197018
-0.3535533845
-1.255293131
-0.8660253882
-0.4619397521
-1.319479227
-1.182786584
-0.5
-1.182786584
-1.319479227
-0.4619397521
-0.8660253882
-1.255293131
-0.3535533845
-0.4174197018
-1
-0.1913417131
0.09473434836
-0.5924659371
-3.783917624e-14
0.5924659371
-0.09473434836
0.1913417131
1
0.4174197018
0.3535533845
1.255293131
0.8660253882
0.4619397521
1.319479227
1.182786584
0.5
1.182786584
1.319479227
0.4619397521
0.8660253882
1.255293131
0.3535533845
0.4174197018
1
0.1913417131
-0.09473434836
0.5924659371
-2.456715387e-14
-0.5924659371
0.09473434836
-0.1913417131
-1
-0.4174197018
-0.3535533845
-1.255293131
-0.8660253882
-0.4619397521
-1.319479227
-1.182786584
-0.5
-1.182786584
-1.319479227
-0.4619397521
-0.8660253882
-1.255293131
-0.3535533845
-0.4174197018
-1
-0.1913417131
0.09473434836
-0.5924659371
1.13603571e-14
0.5924659371
-0.09473434836
0.1913417131
1
0.4174197018
0.3535533845
1.255293131
0.8660253882
0.4619397521
1.319479227
1.182786584
0.5
1.182786584
1.319479227
0.4619397521
0.8660253882
1.255293131
0.3535533845
0.4174197018
1
0.1913417131
-0.09473434836
0.5924659371
4.822253707e-14
-0.5924659371
0.09473434836
-0.1913417131
-1
-0.4174197018
-0.3535533845
-1.255293131
-0.8660253882
-0.4619397521
-1.319479227
-1.182786584
-0.5
-1.182786584
-1.319479227
-0.4619397521
-0.8660253882
-1.255293131
-0.3535533845
-0.4174197018
-1
-0.1913417131
0.09473434836
-0.5924659371
-2.240430064e-14
0.5924659371
-0.09473434836
0.1913417131
1
0.4174197018
0.3535533845
1.255293131
0.8660253882
0.4619397521
1.319479227
1.182786584
0.5
1.182786584
1.319479227
0.4619397521
