11.87580142
12.18206331
13.19116316
15.25053483
19.34478698
28.92804693
68.34131273
130.3739088
31.33523013
17.32942652
11.80591736
8.879978014
7.082698043
5.874334216
5.010489176
4.364711049
3.865180059
3.468186313
3.145667796
2.878823933
2.654611391
2.463716623
2.299317946
2.156316002
2.0308256
1.919838366
1.820990923
1.732402433
1.652558538
1.580227026
1.514395588
1.454225244
1.399015032
1.348174887
1.301205075
1.25767867
1.217229953
1.1795432
1.144344628
1.111395665
1.080487475
1.051436476
1.024080635
0.9982763993
0.9738961346
0.9508259801
0.9289640681
0.9082184816
0.8885077368
0.8697568647
0.851898702
0.8348722071
0.8186218596
0.8030970516
0.7882515547
0.7740430548
0.7604327444
0.7473849658
0.7348668957
0.7228482686
0.7113013812
0.700199623
0.6895197871
0.6792393938
0.6693377884
0.659795754
0.6505953876
0.6417199892
0.6331539622
0.6248827231
0.6168926198
0.6091708546
0.6017054033
0.5944846614
0.5874997273
0.5807382752
0.5741921053
0.5678522681
0.5617104081
0.5557586469
0.5499895434
0.5443960628
0.5389715485
0.5337096969
0.5286045338
0.5236503885
0.518841832
0.5141743848
0.5096419588
0.5052408358
0.5009664579
0.4968146432
0.4927814198
0.4888630063
0.4850557997
0.4813563648
0.4777614251
0.4742678539
0.4708726662
0.4675730112
80.29194717
0.4612495254
0.4582206027
0.4552770171
0.4524164915
0.449636847
0.4469359978
0.444311947
0.441762782
0.4392866708
0.4368818577
0.4345466585
0.4322794506
0.4300785411
0.4279431931
0.4258709472
0.4238609635
0.4219118906
0.4200224717
0.4181915063
0.4164178446
0.4147003848
0.4130380705
0.4114298887
0.4098748657
0.4083720573
0.4069204589
0.4055204957
0.4041688032
0.4028664252
0.4016122531
0.4004055482
0.3992456247
0.3981318322
0.3970635522
0.3960401957
0.3950612025
0.3941260404
0.3932342037
0.3923852133
0.3915786225
0.390813982
0.3900909079
0.389409013
0.38876794
0.3881673545
0.3876069444
0.3870864199
0.3866055127
0.3861639757
0.3857615836
0.3853981329
0.3850734477
0.384787483
0.3845394914
0.3843301904
0.3841590525
0.3840260295
0.3839310596
0.3838740965
