0
3.13771e-017
-2.69382e-017
-5.30387e-018
-8.91015e-018
-0.0291492
-7.44036e-018
2.87005e-018
-3.34243e-019
-2.99577e-017
-0.03977
5.38187e-018
-1.59014e-017
9.72305e-018
-4.88778e-019
-0.0356255
2.93563e-017
1.2901e-017
-2.50885e-017
4.94849e-017
-0.0176736
1.95611e-018
4.59572e-017
7.81488e-017
1.88423e-016
0.0995048
-1.43182e-016
-1.09407e-016
-6.76906e-017
-7.86536e-017
-0.0540979
7.32433e-017
5.25404e-017
4.95037e-017
-4.42233e-017
0.0304082
9.02822e-017
-9.70664e-019
-5.95219e-017
1.39463e-016
0.0469853
-7.65834e-017
-9.25862e-017
-5.48472e-017
-2.40631e-016
-0.103129
1.83389e-016
1.29514e-016
1.99028e-016
2.12181e-016
0.0742202
-2.76516e-016
-2.22987e-016
-4.78025e-017
-4.03173e-017
-0.0280756
-2.61535e-017
7.14136e-017
9.72478e-017
-5.49932e-017
-0.0237223
5.79302e-017
3.50735e-017
-4.97277e-017
2.84896e-017
0.0458488
-1.78521e-016
-3.29931e-016
-3.63038e-016
-2.23473e-016
-0.0339803
3.32587e-017
1.36874e-016
1.24664e-016
1.71359e-020
0.0128842
1.15397e-016
1.44543e-016
2.75222e-017
-6.12571e-017
-0.00314562
-4.95281e-017
-5.15504e-017
1.41877e-016
-5.99044e-020
0.00414344
-1.4711e-016
-6.60699e-017
-3.4155e-017
-4.02555e-017
-0.00969144
-2.38028e-017
-1.78497e-016
6.89869e-017
2.68217e-017
0.00481123
1.52343e-016
-3.08353e-016
-3.38316e-016
-9.9573e-017
0.0054489
-9.55781e-017
-1.2367e-017
3.36597e-016
-1.653e-016
-0.00636772
-2.62716e-016
-2.74918e-017
1.40427e-016
-2.01713e-016
0.0103254
-1.14473e-016
3.28322e-016
-3.63318e-017
1.45279e-016
-0.00939797
-1.95114e-017
-2.14765e-016
-1.15829e-016
9.06357e-017
0.00836527
4.16882e-016
-4.77583e-016
4.20863e-017
-9.98276e-018
-0.010714
6.31338e-017
6.16388e-017
-1.75525e-016
1.58887e-016
0.00585842
-8.07722e-017
1.16943e-016
3.15827e-016
2.39104e-017
0.00319581
2.19626e-017
-2.50683e-016
-5.5164e-016
-6.57321e-017
-0.0115497
6.54875e-017
-3.78054e-016
6.31782e-017
3.09372e-017
0.0129907
9.49257e-017
-4.56307e-016
-6.14041e-016
-2.39794e-016
-0.00720492
5.2476e-016
-4.23862e-018
2.33152e-017
-4.02953e-017
-0.000247023
-1.22483e-016
-2.40855e-016
3.85904e-017
-1.83466e-016
0.00303944
-3.15881e-017
-3.66013e-017
8.07611e-017
1.23464e-016
-0.00321019
1.03661e-016
-4.32602e-016
-3.68055e-017
1.00946e-016
2.89788e-005
-6.22843e-016
-1.44412e-016
2.08048e-016
1.25589e-016
0.0020998
2.82395e-016
-2.12476e-016
-9.03387e-017
-1.23314e-016
0.000869837
9.87544e-017
3.46459e-017
-2.58028e-016
-5.57651e-016
-0.00172304
-8.7529e-017
-4.3853e-016
1.03877e-016
5.0892e-016
0.00301205
-2.34835e-016
-1.61441e-016
4.26891e-016
3.79578e-016
-0.00288194
5.41299e-016
-1.01115e-016
-5.7234e-016
9.71737e-016
0.000450777
-6.47849e-016
3.42979e-017
-9.77022e-017
1.17153e-016
0.00109168
-1.1357e-016
7.95559e-016
1.23936e-017
-1.1162e-015
-0.00227171
-2.27229e-017
8.55115e-016
-8.34433e-016
-1.01176e-015
0.00241333
-5.84544e-016
9.92679e-017
2.16487e-016
-9.5359e-017
-0.00142549
2.31464e-017
2.64739e-016
-2.90403e-016
7.35721e-016
3.28233e-005
-2.43842e-017
-5.72633e-016
-3.4918e-016
-1.96659e-017
0.00137486
-1.65564e-016
-1.64294e-016
3.56558e-016
-5.02294e-016
-0.00348081
-8.18705e-018
6.41615e-017
5.35159e-017
-1.84254e-016
0.00322218
7.67223e-016
5.82067e-016
6.25193e-016
1.41327e-017
-0.0022357
-4.32426e-016
3.1294e-016
1.75374e-015
4.47246e-016
-0.00037996
-3.09811e-016
6.12743e-016
-1.76054e-016
4.72976e-016
0.0043374
-1.76258e-016
4.11596e-017
8.50466e-016
-6.63456e-016
-0.00404915
2.55837e-016
6.23254e-016
-4.7122e-017
2.63778e-016
0.00226265
-6.27141e-017
-8.66292e-016
-3.92949e-016
-2.98618e-017
7.44173e-005
-1.56393e-015
2.12425e-016
-5.64658e-016
-1.81539e-017
-0.00118486
-1.04165e-016
1.33808e-015
1.91531e-016
1.25292e-017
-0.00050148
-8.56362e-016
-5.56257e-016
5.34569e-016
7.56253e-016
0.0022256
1.10769e-015
-4.36228e-016
2.37883e-016
-1.09051e-016
-0.00141947
6.40098e-016
-3.50417e-017
7.47183e-016
-3.69907e-016
-0.00153689
8.2585e-019
-1.21505e-016
1.31324e-015
-1.15755e-017
0.00443062
-5.32478e-016
-1.87103e-016
8.80595e-017
9.66888e-017
-0.00490314
-4.44815e-017
-5.58635e-016
-5.15244e-016
-5.9552e-016
0.00255121
-7.15183e-017
-5.97966e-016
1.51421e-016
8.56371e-016
-0.00155979
1.08774e-016
-1.97019e-016
3.80672e-016
2.33591e-016
2.08334e-015
-4.0668e-016
-8.16576e-016
1.48587e-016
-1.62346e-015
0.00155979
4.69216e-016
1.45747e-016
5.84034e-016
1.1797e-015
-0.00255121
-5.75561e-016
-5.07473e-016
1.73485e-016
1.06471e-015
0.00490314
-4.67531e-017
-1.53956e-015
-5.99941e-017
1.74054e-015
-0.00443062
-9.72232e-017
-4.10101e-016
7.77153e-017
-6.00303e-016
0.00153689
-1.74879e-016
1.74249e-016
-1.69818e-016
3.55001e-016
0.00141947
7.49784e-016
-2.08479e-016
-4.97314e-016
3.78324e-016
-0.0022256
-1.80529e-016
1.91512e-016
5.51301e-016
4.33811e-016
0.00050148
-2.07278e-016
-3.69767e-016
5.21772e-016
-7.768e-016
0.00118486
-6.73496e-016
-8.98438e-016
-8.24213e-016
-1.39897e-015
-7.44173e-005
5.20751e-016
-9.16167e-016
9.78906e-016
-8.05253e-016
-0.00226265
-1.19948e-015
-1.41348e-015
2.81246e-016
1.45966e-016
0.00404915
1.00171e-015
-6.95971e-016
-9.67581e-016
-1.51295e-015
-0.0043374
6.93089e-016
2.91517e-016
2.34159e-016
-5.59722e-016
0.00037996
2.93069e-016
-1.07007e-015
5.41561e-016
3.30348e-016
0.0022357
-7.14973e-016
-3.00282e-016
-1.07812e-015
-7.73013e-016
-0.00322218
4.67288e-016
1.37302e-015
8.91928e-016
3.16906e-016
0.00348081
7.14383e-017
-2.17876e-016
2.69473e-016
1.64256e-015
-0.00137486
9.06774e-016
4.89566e-016
-2.22935e-016
-7.50619e-016
-3.28233e-005
1.42296e-015
1.16613e-015
-9.2857e-016
-4.94686e-016
0.00142549
-7.49221e-017
-1.25129e-015
-3.63078e-016
-1.35125e-015
-0.00241333
-6.9866e-017
-3.65289e-016
-6.94312e-016
1.21152e-016
0.00227171
1.92842e-016
-2.17611e-015
-7.30751e-016
8.68873e-016
-0.00109168
-5.08039e-016
6.84854e-016
-4.47246e-016
-2.6143e-016
-0.000450777
1.26599e-015
6.06505e-017
-1.02965e-015
-5.65111e-016
0.00288194
6.51033e-016
-8.93958e-016
1.48093e-015
1.60795e-015
-0.00301205
1.45614e-015
-1.05185e-015
5.05492e-016
-2.60032e-016
0.00172304
3.95098e-016
-8.64988e-018
-4.50791e-016
2.73606e-016
-0.000869837
4.42337e-016
1.55965e-016
-1.15286e-015
7.02651e-016
-0.0020998
-1.54805e-015
8.77125e-016
-4.2323e-016
1.67826e-016
-2.89788e-005
-7.88159e-016
3.9009e-017
5.40274e-018
-1.0017e-016
0.00321019
-2.18869e-016
1.78334e-017
-1.13091e-016
-1.18149e-016
-0.00303944
2.35846e-016
1.20314e-015
8.78832e-016
8.84192e-016
0.000247023
1.05967e-015
8.67008e-016
-1.69177e-015
2.47575e-017
0.00720492
4.69572e-016
-4.03351e-016
-1.67136e-016
9.7002e-016
-0.0129907
2.14695e-015
-4.56961e-016
-1.08583e-015
-1.73177e-016
0.0115497
-1.52173e-015
1.61263e-015
-5.62227e-016
-4.92239e-016
-0.00319581
4.99134e-017
-5.97e-016
-1.45829e-016
-1.22898e-015
-0.00585842
1.27349e-015
-6.97947e-016
4.71211e-016
1.31664e-017
0.010714
1.12953e-015
5.75591e-016
-2.34992e-016
-2.45901e-016
-0.00836527
2.99218e-016
-2.35918e-016
4.81559e-016
4.60886e-016
0.00939797
-2.13578e-015
2.96629e-017
4.33517e-017
-2.52067e-016
-0.0103254
2.10871e-015
5.48028e-016
-4.08651e-016
2.70534e-016
0.00636772
-7.02902e-016
-2.75363e-016
6.80921e-016
-6.18112e-016
-0.0054489
6.56297e-016
5.93682e-017
-1.64041e-015
6.75472e-016
-0.00481123
-7.6032e-016
8.87521e-017
1.97851e-016
1.48613e-015
0.00969144
-4.78589e-016
-7.17967e-016
-1.69253e-015
7.49231e-016
-0.00414344
-1.18395e-015
2.08765e-018
7.45457e-017
3.54584e-016
0.00314562
-2.10298e-015
1.4205e-015
-5.37115e-016
-4.42291e-016
-0.0128842
3.65165e-016
8.01254e-018
3.71413e-017
-3.54468e-017
0.0339803
5.15274e-017
-9.50529e-016
-3.96368e-016
-3.25095e-015
-0.0458488
6.57985e-017
1.15105e-015
-1.69582e-016
2.25224e-015
0.0237223
2.83753e-016
-2.55608e-016
-2.23597e-016
9.5369e-018
0.0280756
1.82033e-015
3.59948e-016
-1.22166e-015
-2.75797e-016
-0.0742202
1.16867e-015
1.21968e-015
7.48216e-016
2.51101e-015
0.103129
-2.57708e-015
-8.28877e-016
-6.0158e-016
-1.43841e-015
-0.0469853
1.45173e-015
6.36386e-016
-7.10339e-017
-1.98592e-015
-0.0304082
-6.4434e-016
1.80715e-016
-1.77619e-015
1.01626e-015
0.0540979
-5.32454e-016
1.07578e-015
-1.95884e-015
-2.62585e-015
-0.0995048
1.65649e-016
2.81472e-015
1.70375e-015
1.59401e-015
0.0176736
-5.36346e-016
1.6241e-015
2.40689e-015
1.2258e-015
0.0356255
-3.22239e-016
-1.02105e-015
2.10683e-016
-2.96962e-015
0.03977
-1.12158e-015
-1.09554e-015
7.26137e-016
-5.72051e-016
0.0291492
-1.59322e-016
-7.69915e-016
-4.86893e-017
-1.25628e-015
