0.0985829
-7.71355e-018
-1.36829e-017
3.64935e-019
6.43657e-018
0.0172776
4.02499e-018
-5.48985e-018
-1.68961e-017
1.60726e-019
-0.0485053
3.06763e-017
3.77041e-018
3.1649e-017
9.61797e-018
0.0326467
-1.97103e-017
-1.44523e-016
7.96442e-018
-1.18662e-016
-0.0743289
9.16857e-017
1.55929e-017
8.277e-017
-3.74615e-017
-0.0251906
2.40912e-017
2.76852e-017
4.04783e-017
3.75605e-017
0.0623677
-1.8989e-016
-3.49412e-017
-1.11912e-016
-2.47415e-017
-0.0665395
-2.4162e-017
7.33062e-017
-2.47563e-017
1.42347e-016
0.088721
-1.63374e-016
-1.57298e-016
-2.08115e-016
-1.20479e-016
-0.022441
-3.03969e-017
4.90416e-017
-1.04922e-016
1.64515e-017
-0.0402853
1.51314e-016
2.53732e-016
1.75856e-016
2.88202e-016
0.0683241
-1.7507e-016
-1.20615e-016
-9.41482e-017
-3.59649e-016
-0.0622021
8.20208e-017
1.72966e-017
-6.5412e-017
1.7164e-016
0.0233308
-9.7664e-017
-6.39899e-017
9.13441e-017
2.04453e-016
0.00808209
2.64198e-017
1.42201e-017
6.67471e-017
1.13232e-017
-0.0163199
1.71677e-016
1.84893e-016
-3.29923e-016
4.2758e-017
0.00914328
-7.61011e-017
-2.96285e-017
3.34964e-016
2.01904e-018
-0.00204423
-1.5371e-020
1.92269e-016
-2.6178e-017
1.34209e-016
0.00364095
9.18897e-017
1.07771e-016
1.52479e-017
-2.07542e-016
-0.0149128
1.37324e-016
4.28569e-017
4.50221e-017
1.00054e-016
0.0140096
1.48947e-016
2.17001e-019
-1.85935e-016
1.10061e-016
-0.00933397
8.36762e-017
-6.32064e-018
4.14971e-016
-2.33603e-016
0.00467462
4.28185e-016
1.41557e-016
9.26219e-018
-2.43009e-016
0.0018775
-2.54571e-016
-1.87532e-016
8.84937e-017
3.97262e-016
-0.00125328
2.23071e-016
4.44184e-016
-2.06908e-016
1.21053e-016
0.00564918
-1.40413e-016
-1.49459e-016
4.64554e-017
5.05131e-016
-0.0124193
4.48335e-016
3.92849e-016
7.78125e-017
5.73037e-016
0.0139358
2.70891e-016
1.25894e-016
-3.44661e-016
-2.62044e-017
-0.00899034
2.37018e-016
1.32945e-016
-2.78429e-016
7.73827e-018
-0.000689382
-1.16639e-016
-2.94401e-016
2.71488e-016
7.4587e-017
0.00828116
-1.55213e-016
4.43661e-017
-1.34003e-016
-3.79007e-016
-0.0081682
-1.07529e-017
-5.724e-016
-2.39689e-016
3.40162e-016
0.00332662
3.86705e-017
4.0709e-017
5.2376e-017
-2.24224e-016
0.000502414
-1.39676e-017
1.14822e-016
1.99847e-017
9.67457e-017
-0.00215275
2.61687e-016
5.33314e-016
-1.5482e-016
3.45574e-016
-0.00191753
-3.6906e-016
1.52645e-016
-2.65303e-017
3.53045e-017
0.00325497
4.25579e-016
5.79008e-016
7.53256e-017
2.73454e-016
-0.00160781
-6.70484e-017
-2.40901e-017
1.07626e-015
8.66618e-016
0.000512557
-2.00682e-018
-5.33427e-016
-2.31823e-016
3.12323e-016
0.00243967
3.12676e-016
7.17513e-016
1.32097e-016
-1.15026e-015
-0.00306477
2.48031e-017
-2.62603e-016
3.02058e-017
1.19609e-016
0.00214432
1.84557e-016
-6.22403e-016
4.94915e-016
8.72294e-017
-0.000941872
2.63429e-016
3.926e-016
5.87465e-016
-3.28515e-017
-0.00045006
2.82862e-016
7.84084e-017
5.26156e-016
5.69956e-017
0.00174236
1.40335e-016
5.34855e-016
1.39543e-016
-3.95482e-016
-0.00255489
-6.5427e-016
3.66579e-016
4.43176e-018
-3.04525e-016
0.0029532
5.52662e-016
4.80649e-016
-4.30723e-016
4.08001e-016
-0.00103004
1.33287e-016
8.12304e-017
8.25181e-017
4.36406e-016
-0.00209273
3.01023e-018
5.38936e-016
-3.6559e-016
3.95426e-016
0.00338684
-5.34728e-016
-2.84758e-016
7.79593e-016
-6.83162e-016
-0.00492903
4.46545e-016
-1.02167e-015
1.22062e-016
7.61983e-016
0.00264749
9.98339e-016
-5.69401e-016
2.22433e-017
-7.50625e-016
0.00111888
-1.50688e-016
-7.46398e-017
-3.43477e-016
-1.09386e-016
-0.0024692
-5.22435e-016
-1.73103e-016
2.05647e-016
2.17304e-016
0.00231284
-1.12881e-015
9.4862e-017
-8.01661e-016
-1.09726e-016
-0.000296454
-4.93199e-017
3.99475e-016
7.4364e-016
1.97948e-016
-0.000567376
-1.293e-016
4.85718e-016
2.60235e-017
-1.43278e-016
-0.000876754
-7.52368e-016
2.54616e-016
-2.52084e-016
2.37867e-016
0.00314136
-9.24415e-017
-5.96402e-016
-5.43848e-017
-3.1422e-016
-0.00400024
6.34031e-016
3.26356e-016
5.25133e-018
1.73169e-016
0.00266439
-9.20085e-016
-3.28203e-017
-3.70246e-016
1.3389e-016
0.000851413
-1.62185e-016
6.261e-016
1.66988e-016
4.53213e-016
-0.0028161
7.55836e-017
4.54001e-016
-3.43849e-017
5.48039e-016
0.0032496
-2.49178e-016
-6.01695e-016
1.32188e-015
-2.31412e-016
-0.00422116
-1.50311e-016
6.07472e-016
4.26617e-017
-1.37333e-015
0.0032496
-2.2549e-016
1.36653e-016
1.5238e-017
-4.53153e-016
-0.0028161
-2.49053e-016
1.30549e-016
1.72556e-016
3.70791e-017
0.000851413
6.69457e-017
5.26669e-016
1.74479e-016
4.17661e-016
0.00266439
6.67037e-016
-5.63639e-016
-2.17832e-016
-2.08915e-016
-0.00400024
-5.06975e-017
-1.15585e-015
3.09761e-016
-8.35939e-016
0.00314136
-1.92555e-016
-5.93855e-016
1.79067e-017
3.6903e-017
-0.000876754
-1.82591e-015
-6.57082e-017
4.87804e-016
-7.9785e-016
-0.000567376
6.37978e-016
-6.14228e-016
6.01876e-016
1.18208e-015
-0.000296454
-8.76849e-017
-5.23489e-016
5.85292e-016
1.24669e-015
0.00231284
1.30001e-015
-2.01056e-016
8.71726e-017
-7.91769e-016
-0.0024692
-2.44656e-016
5.78009e-016
1.39365e-016
7.50329e-016
0.00111888
-8.057e-017
1.42585e-016
-5.94221e-016
1.65848e-016
0.00264749
3.75439e-016
5.64594e-016
-2.18465e-015
4.91194e-016
-0.00492903
-2.81328e-016
-1.22747e-015
-1.18671e-015
7.11614e-019
0.00338684
-1.93972e-015
4.30108e-016
-8.08978e-016
4.01991e-017
-0.00209273
-3.86975e-016
9.00993e-016
-4.94578e-016
6.89422e-016
-0.00103004
1.06146e-016
-4.26879e-016
2.2715e-016
6.47917e-016
0.0029532
-1.09909e-015
7.54552e-016
6.19024e-016
-7.01526e-016
-0.00255489
2.98801e-016
3.96626e-016
1.01199e-015
-5.70923e-016
0.00174236
2.08519e-016
-4.5269e-016
-2.13109e-016
5.86169e-016
-0.00045006
-1.06038e-015
-5.4206e-016
4.49652e-016
3.35457e-018
-0.000941872
-1.82857e-015
3.52472e-016
-1.39256e-015
6.59908e-016
0.00214432
-1.12685e-016
1.94549e-015
-2.79553e-016
-2.23609e-015
-0.00306477
-2.45277e-016
-2.61533e-018
1.42873e-015
7.72111e-016
0.00243967
7.89599e-016
1.11637e-015
4.55182e-016
-2.87438e-016
0.000512557
-3.21257e-016
-1.32563e-015
-2.78514e-016
6.571e-017
-0.00160781
-6.16682e-016
3.69753e-016
-6.22205e-016
8.28787e-016
0.00325497
-3.82083e-016
-1.43466e-015
4.52552e-016
-4.48049e-016
-0.00191753
6.79762e-016
-6.16023e-016
8.62928e-016
-1.99245e-015
-0.00215275
9.80059e-016
-4.55749e-016
1.10749e-015
-1.06551e-016
0.000502414
-1.86995e-016
-1.1572e-015
4.90038e-016
5.92718e-016
0.00332662
5.30336e-016
-1.63035e-015
4.81435e-016
1.09258e-015
-0.0081682
-2.26196e-015
6.27405e-016
-4.14234e-016
-3.60285e-016
0.00828116
4.98764e-016
5.88985e-016
-2.11994e-016
-2.81036e-016
-0.000689382
-2.78808e-016
-2.20699e-015
1.25756e-016
-2.10827e-017
-0.00899034
1.58778e-016
-5.14093e-016
-2.48864e-016
3.88597e-016
0.0139358
-9.30788e-016
-2.20297e-015
-6.22946e-016
-2.71843e-015
-0.0124193
1.57186e-015
-1.77958e-016
9.1231e-017
5.01784e-017
0.00564918
1.99061e-015
-2.98901e-016
2.67336e-015
1.38564e-015
-0.00125328
2.26197e-015
-9.6075e-016
9.0587e-016
-2.02728e-015
0.0018775
1.2425e-015
-9.27043e-017
1.55254e-015
1.65578e-017
0.00467462
1.00275e-015
-8.73413e-016
9.55819e-016
-1.19519e-015
-0.00933397
1.12511e-015
9.82439e-016
-1.59154e-015
2.31788e-015
0.0140096
1.95082e-017
-7.60403e-016
-2.05815e-015
1.43568e-016
-0.0149128
1.41131e-015
-3.21743e-016
-2.11317e-015
2.30673e-015
0.00364095
1.37573e-015
-8.918e-016
6.94439e-016
-8.80747e-017
-0.00204423
-1.09551e-017
5.45162e-016
-1.15197e-015
-1.57274e-016
0.00914328
-9.78164e-016
-1.59173e-015
-4.59198e-017
-3.15524e-016
-0.0163199
1.86279e-015
9.42546e-017
-1.15596e-015
8.18371e-016
0.00808209
3.72976e-016
-2.5442e-016
5.78897e-016
-1.58613e-015
0.0233308
1.12834e-016
-6.75229e-016
-1.07722e-015
-1.87242e-015
-0.0622021
2.01356e-015
1.31823e-015
1.5185e-015
1.7502e-015
0.0683241
-2.64431e-015
1.39469e-017
-8.43157e-016
-1.2197e-015
-0.0402853
-6.04011e-016
1.54237e-016
-5.75112e-016
-4.35938e-016
-0.022441
1.37781e-015
2.50651e-015
2.00508e-015
6.37343e-016
0.088721
-2.7931e-015
-1.75532e-015
-1.46721e-015
-2.14356e-015
-0.0665395
2.86343e-015
1.79401e-015
2.7151e-015
1.52719e-015
0.0623677
-1.46224e-015
-1.16728e-015
-3.60445e-016
-7.77952e-016
-0.0251906
-4.25267e-016
8.41053e-016
-6.56425e-016
-7.97598e-016
-0.0743289
4.63526e-015
3.89387e-016
2.72202e-016
1.0342e-015
0.0326467
-8.2691e-016
-1.4319e-015
-4.14566e-017
-1.07718e-015
-0.0485053
1.84717e-015
1.06659e-015
1.77051e-016
1.28794e-015
0.0172776
3.5697e-016
1.03111e-015
2.02937e-016
2.40698e-015
