0.0921544
-0.25802
-0.390496
-0.121682
-0.366901
-0.605843
-0.318303
-0.419925
-0.727646
-0.463869
-0.405181
-0.733658
-0.53271
-0.32166
-0.62002
-0.511765
-0.179904
-0.402302
-0.402966
-0.000729622
-0.113394
-0.223131
0.187821
0.201462
-0.00136985
0.35487
0.491753
0.225614
0.47173
0.709775
0.41956
0.516774
0.818431
0.547035
0.479306
0.797473
0.585125
0.361776
0.647151
0.525448
0.179904
0.388619
0.375834
-0.0393867
0.0609796
0.159315
-0.261947
-0.284629
-0.0894147
-0.451719
-0.59301
-0.329546
-0.576559
-0.813707
-0.520817
-0.613624
-0.909215
-0.630202
-0.553432
-0.861289
-0.637539
-0.401893
-0.674283
-0.539131
-0.179904
-0.374936
-0.348702
0.079503
-0.00856515
-0.0954993
0.336072
0.367795
0.180199
0.548568
0.694267
0.433479
0.681388
0.917639
0.622074
0.710473
1
0.710473
0.622074
0.917639
0.681388
0.433479
0.694267
0.548568
0.180199
0.367795
0.336072
-0.0954993
-0.00856515
0.079503
-0.348702
-0.374936
-0.179904
-0.539131
-0.674283
-0.401893
-0.637539
-0.861289
-0.553432
-0.630202
-0.909215
-0.613624
-0.520817
-0.813707
-0.576559
-0.329546
-0.59301
-0.451719
-0.0894147
-0.284629
-0.261947
0.159315
0.0609796
-0.0393867
0.375834
0.388619
0.179904
0.525448
0.647151
0.361776
0.585125
0.797473
0.479306
0.547035
0.818431
0.516774
0.41956
0.709775
0.47173
0.225614
0.491753
0.35487
-0.00136985
0.201462
0.187821
-0.223131
-0.113394
-0.000729622
-0.402966
-0.402302
-0.179904
-0.511765
-0.62002
-0.32166
-0.53271
-0.733658
-0.405181
-0.463869
-0.727646
-0.419925
-0.318303
-0.605843
-0.366901
-0.121682
-0.390496
-0.25802
0.0921544
-0.118296
-0.113696
0.286947
0.165809
0.0408459
0.430098
0.415985
0.179904
0.498082
0.592888
0.281544
0.480296
0.669842
0.331056
0.380703
0.636862
0.323076
0.217046
0.501911
0.262072
0.01775
0.289239
0.161171
-0.182939
0.0351295
0.0395707
-0.350763
-0.218223
-0.0809622
-0.457229
-0.429668
-0.179904
-0.4844
-0.565756
-0.241428
-0.427881
-0.606026
-0.25693
-0.297536
-0.546077
-0.226226
-0.115789
-0.397979
-0.157243
0.0861821
-0.187982
-0.0643217
0.273724
0.0480369
0.0345546
0.414578
0.270638
0.121079
0.484361
0.443351
0.179904
0.470717
0.538624
0.201311
0.375467
0.54221
0.182805
0.21437
0.455293
0.129377
0.0145318
0.294046
0.0524145
-0.190114
0.0867253
-0.0325277
-0.364508
-0.131203
-0.10868
-0.478394
-0.323052
-0.161195
-0.511493
-0.457034
-0.179904
-0.457034
-0.511493
-0.161195
-0.323052
-0.478394
-0.10868
-0.131203
-0.364508
-0.0325277
0.0867253
-0.190114
0.0524145
0.294046
0.0145318
0.129377
0.455293
0.21437
0.182805
0.54221
0.375467
0.201311
0.538624
0.470717
0.179904
0.443351
0.484361
0.121079
0.270638
0.414578
0.0345546
0.0480369
0.273724
-0.0643217
-0.187982
0.0861821
-0.157243
-0.397979
-0.115789
-0.226226
-0.546077
-0.297536
-0.25693
-0.606026
-0.427881
-0.241428
-0.565756
-0.4844
-0.179904
-0.429668
-0.457229
-0.0809622
-0.218223
-0.350763
0.0395707
0.0351295
-0.182939
0.161171
0.289239
0.01775
0.262072
0.501911
0.217046
0.323076
0.636862
0.380703
0.331056
0.669842
0.480296
0.281544
0.592888
0.498082
0.179904
0.415985
0.430098
0.0408459
0.165809
0.286947
-0.113696
-0.118296
