-0.000000000000000000e+00
5.924659370999999508e-01
-9.473434835999999803e-02
1.913417131000000049e-01
1.000000000000000000e+00
4.174197017999999870e-01
3.535533845000000119e-01
1.255293130999999951e+00
8.660253881999999681e-01
4.619397520999999895e-01
1.319479226999999977e+00
1.182786584000000030e+00
5.000000000000000000e-01
1.182786584000000030e+00
1.319479226999999977e+00
4.619397520999999895e-01
8.660253881999999681e-01
1.255293130999999951e+00
3.535533845000000119e-01
4.174197017999999870e-01
1.000000000000000000e+00
1.913417131000000049e-01
-9.473434835999999803e-02
5.924659370999999508e-01
0.000000000000000000e+00
-5.924659370999999508e-01
9.473434835999999803e-02
-1.913417131000000049e-01
-1.000000000000000000e+00
-4.174197017999999870e-01
-3.535533845000000119e-01
-1.255293130999999951e+00
-8.660253881999999681e-01
-4.619397520999999895e-01
-1.319479226999999977e+00
-1.182786584000000030e+00
-5.000000000000000000e-01
-1.182786584000000030e+00
-1.319479226999999977e+00
-4.619397520999999895e-01
-8.660253881999999681e-01
-1.255293130999999951e+00
-3.535533845000000119e-01
-4.174197017999999870e-01
-1.000000000000000000e+00
-1.913417131000000049e-01
9.473434835999999803e-02
-5.924659370999999508e-01
-0.000000000000000000e+00
5.924659370999999508e-01
-9.473434835999999803e-02
1.913417131000000049e-01
1.000000000000000000e+00
4.174197017999999870e-01
3.535533845000000119e-01
1.255293130999999951e+00
8.660253881999999681e-01
4.619397520999999895e-01
1.319479226999999977e+00
1.182786584000000030e+00
5.000000000000000000e-01
1.182786584000000030e+00
1.319479226999999977e+00
4.619397520999999895e-01
8.660253881999999681e-01
1.255293130999999951e+00
3.535533845000000119e-01
4.174197017999999870e-01
1.000000000000000000e+00
1.913417131000000049e-01
-9.473434835999999803e-02
5.924659370999999508e-01
0.000000000000000000e+00
-5.924659370999999508e-01
9.473434835999999803e-02
-1.913417131000000049e-01
-1.000000000000000000e+00
-4.174197017999999870e-01
-3.535533845000000119e-01
-1.255293130999999951e+00
0.000000000000000000e+00
5.924659370999999508e-01
-9.473434835999999803e-02
1.913417131000000049e-01
1.000000000000000000e+00
4.174197017999999870e-01
3.535533845000000119e-01
1.255293130999999951e+00
8.660253881999999681e-01
4.619397520999999895e-01
1.319479226999999977e+00
1.182786584000000030e+00
5.000000000000000000e-01
1.182786584000000030e+00
1.319479226999999977e+00
4.619397520999999895e-01
8.660253881999999681e-01
1.255293130999999951e+00
3.535533845000000119e-01
4.174197017999999870e-01
1.000000000000000000e+00
1.913417131000000049e-01
-9.473434835999999803e-02
5.924659370999999508e-01
-0.000000000000000000e+00
-5.924659370999999508e-01
9.473434835999999803e-02
-1.913417131000000049e-01
-1.000000000000000000e+00
-4.174197017999999870e-01
-3.535533845000000119e-01
-1.255293130999999951e+00
-8.660253881999999681e-01
-4.619397520999999895e-01
-1.319479226999999977e+00
-1.182786584000000030e+00
-5.000000000000000000e-01
-1.182786584000000030e+00
-1.319479226999999977e+00
-4.619397520999999895e-01
-8.660253881999999681e-01
-1.255293130999999951e+00
-3.535533845000000119e-01
-4.174197017999999870e-01
-1.000000000000000000e+00
-1.913417131000000049e-01
9.473434835999999803e-02
-5.924659370999999508e-01
0.000000000000000000e+00
5.924659370999999508e-01
-9.473434835999999803e-02
1.913417131000000049e-01
1.000000000000000000e+00
4.174197017999999870e-01
3.535533845000000119e-01
1.255293130999999951e+00
8.660253881999999681e-01
4.619397520999999895e-01
1.319479226999999977e+00
1.182786584000000030e+00
5.000000000000000000e-01
1.182786584000000030e+00
1.319479226999999977e+00
4.619397520999999895e-01
8.660253881999999681e-01
1.255293130999999951e+00
3.535533845000000119e-01
4.174197017999999870e-01
1.000000000000000000e+00
1.913417131000000049e-01
-9.473434835999999803e-02
5.924659370999999508e-01
0.000000000000000000e+00
-5.924659370999999508e-01
9.473434835999999803e-02
-1.913417131000000049e-01
-1.000000000000000000e+00
-4.174197017999999870e-01
-3.535533845000000119e-01
-1.255293130999999951e+00
-8.660253881999999681e-01
-4.619397520999999895e-01
-1.319479226999999977e+00
-1.182786584000000030e+00
-5.000000000000000000e-01
-1.182786584000000030e+00
-1.319479226999999977e+00
-4.619397520999999895e-01
-8.660253881999999681e-01
-1.255293130999999951e+00
-3.535533845000000119e-01
-4.174197017999999870e-01
-1.000000000000000000e+00
-1.913417131000000049e-01
9.473434835999999803e-02
-5.924659370999999508e-01
0.000000000000000000e+00
5.924659370999999508e-01
-9.473434835999999803e-02
1.913417131000000049e-01
1.000000000000000000e+00
4.174197017999999870e-01
3.535533845000000119e-01
1.255293130999999951e+00
8.660253881999999681e-01
4.619397520999999895e-01
1.319479226999999977e+00
1.182786584000000030e+00
5.000000000000000000e-01
1.182786584000000030e+00
1.319479226999999977e+00
4.619397520999999895e-01
8.660253881999999681e-01
1.255293130999999951e+00
3.535533845000000119e-01
4.174197017999999870e-01
1.000000000000000000e+00
1.913417131000000049e-01
-9.473434835999999803e-02
5.924659370999999508e-01
0.000000000000000000e+00
-5.924659370999999508e-01
9.473434835999999803e-02
-1.913417131000000049e-01
-1.000000000000000000e+00
-4.174197017999999870e-01
-3.535533845000000119e-01
-1.255293130999999951e+00
-8.660253881999999681e-01
-4.619397520999999895e-01
-1.319479226999999977e+00
-1.182786584000000030e+00
-5.000000000000000000e-01
-1.182786584000000030e+00
-1.319479226999999977e+00
-4.619397520999999895e-01
-8.660253881999999681e-01
-1.255293130999999951e+00
-3.535533845000000119e-01
-4.174197017999999870e-01
-1.000000000000000000e+00
-1.913417131000000049e-01
9.473434835999999803e-02
-5.924659370999999508e-01
-0.000000000000000000e+00
5.924659370999999508e-01
-9.473434835999999803e-02
1.913417131000000049e-01
1.000000000000000000e+00
4.174197017999999870e-01
3.535533845000000119e-01
1.255293130999999951e+00
8.660253881999999681e-01
4.619397520999999895e-01
1.319479226999999977e+00
1.182786584000000030e+00
5.000000000000000000e-01
1.182786584000000030e+00
1.319479226999999977e+00
4.619397520999999895e-01
8.660253881999999681e-01
1.255293130999999951e+00
3.535533845000000119e-01
4.174197017999999870e-01
1.000000000000000000e+00
1.913417131000000049e-01
-9.473434835999999803e-02
5.924659370999999508e-01
-0.000000000000000000e+00
-5.924659370999999508e-01
9.473434835999999803e-02
-1.913417131000000049e-01
-1.000000000000000000e+00
-4.174197017999999870e-01
-3.535533845000000119e-01
-1.255293130999999951e+00
-8.660253881999999681e-01
-4.619397520999999895e-01
-1.319479226999999977e+00
-1.182786584000000030e+00
-5.000000000000000000e-01
-1.182786584000000030e+00
-1.319479226999999977e+00
-4.619397520999999895e-01
-8.660253881999999681e-01
-1.255293130999999951e+00
-3.535533845000000119e-01
-4.174197017999999870e-01
-1.000000000000000000e+00
-1.913417131000000049e-01
9.473434835999999803e-02
-5.924659370999999508e-01
0.000000000000000000e+00
5.924659370999999508e-01
-9.473434835999999803e-02
1.913417131000000049e-01
1.000000000000000000e+00
4.174197017999999870e-01
3.535533845000000119e-01
1.255293130999999951e+00
8.660253881999999681e-01
4.619397520999999895e-01
1.319479226999999977e+00
1.182786584000000030e+00
5.000000000000000000e-01
1.182786584000000030e+00
1.319479226999999977e+00
4.619397520999999895e-01
8.660253881999999681e-01
1.255293130999999951e+00
3.535533845000000119e-01
4.174197017999999870e-01
1.000000000000000000e+00
1.913417131000000049e-01
-9.473434835999999803e-02
5.924659370999999508e-01
0.000000000000000000e+00
-5.924659370999999508e-01
9.473434835999999803e-02
-1.913417131000000049e-01
-1.000000000000000000e+00
-4.174197017999999870e-01
-3.535533845000000119e-01
-1.255293130999999951e+00
-8.660253881999999681e-01
-4.619397520999999895e-01
-1.319479226999999977e+00
-1.182786584000000030e+00
-5.000000000000000000e-01
-1.182786584000000030e+00
-1.319479226999999977e+00
-4.619397520999999895e-01
-8.660253881999999681e-01
-1.255293130999999951e+00
-3.535533845000000119e-01
-4.174197017999999870e-01
-1.000000000000000000e+00
-1.913417131000000049e-01
9.473434835999999803e-02
-5.924659370999999508e-01
