0
2.466006698
-4.219374424
4.547737215
-2.890504333
-0.8320342814
5.847885534
-10.32466022
11.34871535
-4.147979337
-31.80307756
-118.3624583
28.0098396
-6.3572482
-5.026958224
9.300709777
-7.924944479
3.259176965
1.809820864
-4.884339044
4.913394475
-2.431437556
-0.917888769
3.309049934
-3.642912052
2.003504646
0.5188465293
-2.493167649
2.923351864
-1.727709782
-0.3008011527
1.991376185
-2.452541017
1.52954061
0.1675784883
-1.65038675
2.116923941
-1.37764709
-0.08023858226
1.403076461
-1.863715036
1.256085625
0.02024157738
-1.215325869
1.664816474
-1.155697812
0.02225327789
1.067922712
-1.503788669
1.070757677
-0.05289217988
-0.9492104639
1.370319895
-0.9974545348
0.07510754636
0.8517043724
-1.257587391
0.9331274658
-0.09107782225
-0.7703813091
1.160881576
-0.875842203
0.1022296236
0.7017508141
-1.076838615
0.8241460839
-0.1095149667
-0.643320145
1.002986542
-0.776913661
0.1135724146
0.5932718014
-0.9374650386
0.7332473337
-0.1148232345
-0.5502609184
0.8788450212
-0.6924094989
0.1135306677
0.5132885686
-0.8260102041
0.6537747135
-0.1098337688
-0.4816103661
0.7780737598
-0.6167930675
0.1037690999
0.4546862998
-0.7343226265
0.5809615217
-0.09527865307
-0.4321420954
0.6941761758
-0.5457985489
0.08420976574
0.4137487985
-0.6571568361
0.5108198688
-0.07030603667
-0.3994140184
0.6228667289
-0.4755118498
0.05318748451
0.3891856884
-0.590973826
0.4393006363
-0.03231833578
-0.38326807
0.5611966174
-0.4015103911
0.006954448467
0.3820560608
-0.5332957212
0.3613051943
0.02393872416
-0.3861945824
0.5070659415
-0.3176010474
-0.06181726924
0.3966790414
-0.4823307965
0.2689300911
0.1087758702
-0.4150255372
0.4589363739
-0.2132038548
-0.1679163095
0.4435701793
-0.436749205
0.1473116657
0.2440165375
-0.486018718
0.415652074
-0.06634931594
-0.3448149522
0.5485280689
-0.3955418344
-0.03794796501
0.48369843
-0.642025151
0.3763266148
0.1807521478
-0.6859731155
0.7878135798
-0.3579265191
-0.3933603339
1.005893387
-1.033500405
0.340268383
0.7525260456
-1.584546456
1.511460452
-0.323287621
-1.510347154
2.939297454
-2.777854744
0.306926045
4.263258849
-9.726551471
14.28826547
-80.29113215
14.93478793
-10.64863744
4.93174747
0.275855425
-3.402402648
3.861394098
-2.200857449
-0.2610556751
2.113960712
-2.506663664
1.465177515
0.2466925479
-1.613813674
1.92803946
-1.128337315
-0.2327300437
1.345731783
-1.608153899
0.9383054714
0.2191350989
-1.177268955
1.405915925
-0.8183976472
-0.2058774458
1.060738301
-1.267067507
0.7373889641
0.1929287768
-0.9747571361
1.166295775
-0.6801845679
-0.1802631495
0.9083076482
-1.090206528
0.6386021868
0.1678563308
-0.8551344814
1.031051885
-0.6078270081
-0.1556857414
0.8114226078
-0.9840419428
0.5848465026
0.143729789
-0.7747133547
0.9460602585
-0.5676791227
-0.1319693744
0.7433520289
-0.9149932219
0.5549780578
0.1203851214
-0.7161847273
0.8893614382
-0.5457939424
-0.1089593449
0.6923837618
-0.8681008518
0.5394436062
0.0976751245
-0.6713414202
0.8504299932
-0.5354256555
-0.08651632823
0.6526031742
-0.8357654746
0.5333669483
0.07546736421
-0.6358241954
0.8236666232
-0.5329872744
-0.06451339915
0.6207404154
-0.8137984249
0.5340756458
0.05363996538
-0.6071486921
0.8059060749
-0.5364739393
-0.04283303717
0.5948931439
-0.7997973851
0.5400655819
0.03207894823
-0.5838557692
0.7953304351
-0.5447677152
-0.02136413549
0.5739488612
-0.7924054275
0.5505256909
0.01067555218
-0.5651125289
0.7909584336
-0.5573096911
0
0.5573096911
-0.7909584336
0.5651125289
-0.01067555218
-0.5505256909
0.7924054275
-0.5739488612
0.02136413549
0.5447677152
-0.7953304351
0.5838557692
-0.03207894823
-0.5400655819
0.7997973851
-0.5948931439
0.04283303717
0.5364739393
-0.8059060749
0.6071486921
-0.05363996538
-0.5340756458
0.8137984249
-0.6207404154
0.06451339915
0.5329872744
-0.8236666232
0.6358241954
-0.07546736421
-0.5333669483
0.8357654746
-0.6526031742
0.08651632823
0.5354256555
-0.8504299932
0.6713414202
-0.0976751245
-0.5394436062
0.8681008518
-0.6923837618
0.1089593449
0.5457939424
-0.8893614382
0.7161847273
-0.1203851214
-0.5549780578
0.9149932219
-0.7433520289
0.1319693744
0.5676791227
-0.9460602585
0.7747133547
-0.143729789
-0.5848465026
0.9840419428
-0.8114226078
0.1556857414
0.6078270081
-1.031051885
0.8551344814
-0.1678563308
-0.6386021868
1.090206528
-0.9083076482
