5.551115123e-17
0.5924659371
-0.09473434836
0.1913417131
1
0.4174197018
0.3535533845
1.255293131
0.8660253882
0.4619397521
1.319479227
1.182786584
0.5
1.182786584
1.319479227
0.4619397521
0.8660253882
1.255293131
0.3535533845
0.4174197018
1
0.1913417131
-0.09473434836
0.5924659371
-7.21644966e-16
-0.5924659371
0.09473434836
-0.1913417131
-1
-0.4174197018
-0.3535533845
-1.255293131
-0.8660253882
-0.4619397521
-1.319479227
-1.182786584
-0.5
-1.182786584
-1.319479227
-0.4619397521
-0.8660253882
-1.255293131
-0.3535533845
-0.4174197018
-1
-0.1913417131
0.09473434836
-0.5924659371
1.165734176e-15
0.5924659371
-0.09473434836
0.1913417131
1
0.4174197018
0.3535533845
1.255293131
0.8660253882
0.4619397521
1.319479227
1.182786584
0.5
1.182786584
1.319479227
0.4619397521
0.8660253882
1.255293131
0.3535533845
0.4174197018
1
0.1913417131
-0.09473434836
0.5924659371
-3.717753733e-16
-0.5924659371
0.09473434836
-0.1913417131
-1
-0.4174197018
-0.3535533845
-1.255293131
-0.8660253882
-0.4619397521
-1.319479227
-1.182786584
-0.5
-1.182786584
-1.319479227
-0.4619397521
-0.8660253882
-1.255293131
-0.3535533845
-0.4174197018
-1
-0.1913417131
0.09473434836
-0.5924659371
5.708005376e-16
0.5924659371
-0.09473434836
0.1913417131
1
0.4174197018
0.3535533845
1.255293131
0.8660253882
0.4619397521
1.319479227
1.182786584
0.5
1.182786584
1.319479227
0.4619397521
0.8660253882
1.255293131
0.3535533845
0.4174197018
1
0.1913417131
-0.09473434836
0.5924659371
-8.115174104e-16
-0.5924659371
0.09473434836
-0.1913417131
-1
-0.4174197018
-0.3535533845
-1.255293131
-0.8660253882
-0.4619397521
-1.319479227
-1.182786584
-0.5
-1.182786584
-1.319479227
-0.4619397521
-0.8660253882
-1.255293131
-0.3535533845
-0.4174197018
-1
-0.1913417131
0.09473434836
-0.5924659371
7.036597147e-17
0.5924659371
-0.09473434836
0.1913417131
1
0.4174197018
0.3535533845
1.255293131
0.8660253882
0.4619397521
1.319479227
1.182786584
0.5
1.182786584
1.319479227
0.4619397521
0.8660253882
1.255293131
0.3535533845
0.4174197018
1
0.1913417131
-0.09473434836
0.5924659371
6.576735852e-17
-0.5924659371
0.09473434836
-0.1913417131
-1
-0.4174197018
-0.3535533845
-1.255293131
-0.8660253882
-0.4619397521
-1.319479227
-1.182786584
-0.5
-1.182786584
-1.319479227
-0.4619397521
-0.8660253882
-1.255293131
-0.3535533845
-0.4174197018
-1
-0.1913417131
0.09473434836
-0.5924659371
-4.867088373e-16
0.5924659371
-0.09473434836
0.1913417131
1
0.4174197018
0.3535533845
1.255293131
0.8660253882
0.4619397521
1.319479227
1.182786584
0.5
1.182786584
1.319479227
0.4619397521
0.8660253882
1.255293131
0.3535533845
0.4174197018
1
0.1913417131
-0.09473434836
0.5924659371
5.180835932e-16
-0.5924659371
0.09473434836
-0.1913417131
-1
-0.4174197018
-0.3535533845
-1.255293131
-0.8660253882
-0.4619397521
-1.319479227
-1.182786584
-0.5
-1.182786584
-1.319479227
-0.4619397521
-0.8660253882
-1.255293131
-0.3535533845
-0.4174197018
-1
-0.1913417131
0.09473434836
-0.5924659371
-6.351526803e-16
0.5924659371
-0.09473434836
0.1913417131
1
0.4174197018
0.3535533845
1.255293131
0.8660253882
0.4619397521
1.319479227
1.182786584
0.5
1.182786584
1.319479227
0.4619397521
0.8660253882
1.255293131
0.3535533845
0.4174197018
1
0.1913417131
-0.09473434836
0.5924659371
1.665334537e-16
-0.5924659371
0.09473434836
-0.1913417131
-1
-0.4174197018
-0.3535533845
-1.255293131
-0.8660253882
-0.4619397521
-1.319479227
-1.182786584
-0.5
-1.182786584
-1.319479227
-0.4619397521
-0.8660253882
-1.255293131
-0.3535533845
-0.4174197018
-1
-0.1913417131
0.09473434836
-0.5924659371
-6.661338148e-16
0.5924659371
-0.09473434836
0.1913417131
1
0.4174197018
0.3535533845
1.255293131
0.8660253882
0.4619397521
1.319479227
1.182786584
0.5
1.182786584
1.319479227
0.4619397521
0.8660253882
1.255293131
0.3535533845
0.4174197018
1
0.1913417131
-0.09473434836
0.5924659371
1.276756478e-15
-0.5924659371
0.09473434836
-0.1913417131
-1
-0.4174197018
-0.3535533845
-1.255293131
